0 0 0.0 0.0
0 1 0.0 0.0
0 2 0.0 0.0
0 3 0.0 0.0
0 4 0.0 0.0
0 5 0.0 0.0
0 6 0.0 0.0
0 7 0.0 0.0
0 8 0.0 0.0
0 9 0.0 0.0
0 10 0.0 0.0
0 11 0.0 0.0
0 12 0.0 0.0
0 13 0.0 0.0
0 14 0.0 0.0
0 15 0.0 0.0
0 16 0.0 0.0
0 17 0.0 0.0
0 18 0.0 0.0
0 19 0.0 0.0
0 20 0.0 0.0
0 21 0.0 0.0
0 22 NaN NaN
0 23 NaN NaN
0 24 1.4000000000000004 0.11859547824341113
0 25 1.4730382809716185 0.45348793021757655
0 26 NaN NaN
0 27 1.5049793470556685 0.8576821627571902
0 28 1.3439801488517413 -8.035107195843205
0 29 1.5105132449525895 1.987937556929461
0 30 2.199986060158872 0.2402251170272192
0 31 2.1122729010427777 0.48752511027512324
0 32 0.980074528464281 0.25198063839585005
0 33 -0.09583492515602797 0.7164621986810127
0 34 2.6008764650701024 1.0718011249236863
0 35 2.014188761078264 0.33459239096322446
0 36 2.0862962888028016 1.5787309904516853
0 37 3.1307134859354067 1.0609351003513183
0 38 1.857431902126757 1.0510829680221012
0 39 2.9983057784095566 0.5363162912727343
0 40 4.262411101935453 -10.801594231275505
0 41 2.7892608643457453 1.1417677386945297
0 42 2.2483273409714473 0.8153105147449188
0 43 7.349145943295802 -2.4103047598547622
0 44 2.3017031284658596 1.3459434511577715
0 45 1.1135591497653121 2.019138681794193
0 46 2.1464783192776364 0.37720685337751997
0 47 1.569845650490064 1.3968175905785916
0 48 0.7538758243890474 1.3253376987127024
0 49 13.017318938712599 4.640775274819769
0 50 -0.24757261745804762 0.8318056779174733
0 51 4.76864074375441 30.870400879121338
0 52 4.0998814581485785 0.294062010617508
0 53 3.607507260252348 0.33650465037823446
0 54 0.7034764552260564 1.34544819073945
0 55 1.237553933735022 0.538639531236061
0 56 -0.7371272933404006 1.766405459521961
0 57 4.021535091067197 0.7787960289826925
0 58 0.0 0.0
0 59 1.264668019747515 2.440735840070277
0 60 3.6750000000000007 0.8569568250501308
0 61 1.2309934774670173 0.9867089192458223
0 62 0.0 0.0
0 63 0.0 0.0
0 64 0.0 0.0
0 65 0.0 0.0
0 66 0.0 0.0
0 67 0.0 0.0
0 68 0.0 0.0
0 69 0.0 0.0
0 70 0.0 0.0
0 71 0.0 0.0
1 0 0.0 0.0
1 1 0.0 0.0
1 2 0.0 0.0
1 3 0.0 0.0
1 4 0.0 0.0
1 5 0.0 0.0
1 6 0.0 0.0
1 7 0.0 0.0
1 8 0.0 0.0
1 9 0.0 0.0
1 10 0.0 0.0
1 11 0.0 0.0
1 12 0.0 0.0
1 13 0.0 0.0
1 14 0.0 0.0
1 15 0.0 0.0
1 16 0.0 0.0
1 17 0.0 0.0
1 18 0.0 0.0
1 19 1.0000000000000047 0.11859547815496635
1 20 0.0 0.0
1 21 0.0 0.0
1 22 1.1235150447031337 0.33376972637281804
1 23 NaN NaN
1 24 NaN NaN
1 25 NaN NaN
1 26 1.6001947089474449 0.6275293008450222
1 27 1.5000000000000004 0.23719095693311132
1 28 1.5235150447031336 0.33376972637281804
1 29 1.5235150447031336 0.33376972637281804
1 30 2.3284427993663925E-4 0.8650371141606745
1 31 1.700002173157781 0.6259800053249823
1 32 1.516266670141299 0.5337327560667455
1 33 2.900061714411039 0.48052546211585223
1 34 9.306854317264648 2.643004513600034
1 35 1.9460812772095677 0.16307236908814216
1 36 2.537823918948102 0.45721623442773635
1 37 9.585635400234771 2.530677888698858
1 38 2.632198568961045 0.5499317613725223
1 39 11.30331954484797 3.4892891785516507
1 40 3.085714285714286 1.1843365489692912
1 41 66.96418729331361 116.351819887369
1 42 -0.41049084438436617 1.5948563443777564
1 43 1.5989666683293413 9.067606504612307
1 44 3.1700612819771843 0.3580261919151983
1 45 8.833357941732963 2.0000689737759942
1 46 1.994184289493029 1.0898044027293852
1 47 3.2056649676798847 1.230780337638249
1 48 1.0977955340926335 1.4788713100250386
1 49 1.3248487192035645 2.1437266564496245
1 50 -0.7626100958145426 1.778806905477174
1 51 1.8708198380289645 0.44011319757687295
1 52 2.3844138338193734 1.1821648066630268
1 53 2.9566323485258175 1.198240721459074
1 54 3.296434816170962 0.8325101974548139
1 55 2.3192468853185817 1.147878898228648
1 56 2.3467425007085008 1.579624792395985
1 57 1.2004346697206585 0.4515729619116442
1 58 2.3998837169230947 1.116662639648983
1 59 2.053934928168402 1.4362688409426587
1 60 2.950823349962098 0.09461808443613483
1 61 1.8384103503089466 2.0242677180009094
1 62 0.0 0.0
1 63 0.0 0.0
1 64 0.0 0.0
1 65 0.0 0.0
1 66 0.0 0.0
1 67 0.0 0.0
1 68 0.0 0.0
1 69 0.0 0.0
1 70 0.0 0.0
1 71 0.0 0.0
2 0 0.0 0.0
2 1 0.0 0.0
2 2 0.0 0.0
2 3 0.0 0.0
2 4 0.0 0.0
2 5 0.0 0.0
2 6 0.0 0.0
2 7 0.0 0.0
2 8 0.0 0.0
2 9 0.0 0.0
2 10 0.0 0.0
2 11 0.0 0.0
2 12 0.0 0.0
2 13 0.0 0.0
2 14 0.0 0.0
2 15 0.0 0.0
2 16 0.0 0.0
2 17 0.0 0.0
2 18 NaN NaN
2 19 0.0 0.0
2 20 NaN NaN
2 21 NaN NaN
2 22 0.0 0.0
2 23 NaN NaN
2 24 1.0239153563270667 0.7319217551563278
2 25 1.32351504400363 0.33376972236872565
2 26 1.5312058772278077 0.6212443289452284
2 27 1.7000000000000004 5.000222044604928E-12
2 28 1.7000000000003572 1.905444757051156
2 29 1.8000521020159097 0.6279850820685439
2 30 0.8897046773848627 0.34857357421287777
2 31 2.228277331500506 0.35687520726204025
2 32 0.9662925240418189 0.43886943112950727
2 33 336.04130619664 -684.6219074827789
2 34 10.754400960742444 3.9513219553702488
2 35 2.300254556326809 0.48057985067517356
2 36 1.9572610204373615 -25.589577949959683
2 37 2.5703023457488405 0.3221746669698322
2 38 0.6866713562292882 6.94165137526782
2 39 1.198834964226992 0.7971546551430204
2 40 3.7000000000000006 1.1798304963002102
2 41 -2.946041116081562 2.2609023822964045
2 42 1.8621341335245027 32.11808413248385
2 43 2.998550450554636 0.3403091906494298
2 44 2.6859339430466895 0.3850535285897451
2 45 0.8555202050439019 0.20420241648284002
2 46 0.6526975842854001 4.195179967683878
2 47 0.7866241889858849 0.6823877120855102
2 48 1.8140218868386313 0.8923705600785224
2 49 2.002967222217391 1.2969896125289881
2 50 3.7799792907010556 25.288704453834967
2 51 3.0797699317695018 1.2280428786691562
2 52 NaN NaN
2 53 2.6859314981012887 0.9149406547522573
2 54 -3.414790475715121 2.642944694571145
2 55 -1.0846535795342842 1.5299876290063719
2 56 3.6185432018657715 1.3682333957564332
2 57 1.514391421650279 1.373689890836486
2 58 9.883374526355734 -2.5815218855772724
2 59 NaN NaN
2 60 4.523515045706479 0.3337697230207142
2 61 2.6096555600427997 1.647589752641495
2 62 0.0 0.0
2 63 0.0 0.0
2 64 0.0 0.0
2 65 0.0 0.0
2 66 0.0 0.0
2 67 0.0 0.0
2 68 0.0 0.0
2 69 0.0 0.0
2 70 0.0 0.0
2 71 0.0 0.0
3 0 0.0 0.0
3 1 0.0 0.0
3 2 0.0 0.0
3 3 0.0 0.0
3 4 0.0 0.0
3 5 0.0 0.0
3 6 0.0 0.0
3 7 0.0 0.0
3 8 0.0 0.0
3 9 0.0 0.0
3 10 0.0 0.0
3 11 0.0 0.0
3 12 0.0 0.0
3 13 0.0 0.0
3 14 0.0 0.0
3 15 0.0 0.0
3 16 0.0 0.0
3 17 0.0 0.0
3 18 0.0 0.0
3 19 0.0 0.0
3 20 NaN NaN
3 21 1.32351504400363 0.33376972236872565
3 22 0.0 0.0
3 23 1.598020048457647 0.4450263021784482
3 24 1.4000000000000004 0.11859547824341113
3 25 NaN NaN
3 26 1.7000125374999693 0.16985129387547934
3 27 0.984718028966529 0.25793264558536416
3 28 1.4673538778004804 0.49871313523225663
3 29 2.0001142763840916 0.41607579355491386
3 30 2.0004346690998718 0.4515729387500735
3 31 -0.7521685942506994 1.303019031509428
3 32 1.699786048298643 0.33982256655702936
3 33 2.1002409321356774 1.2491117445728919
3 34 2.5884672054789033 1.0661811464111384
3 35 2.413930604716064 1.2697463697897626
3 36 0.4226351136501352 33.88866699375476
3 37 2.8252916721130075 1.0715255043433944
3 38 3.1754733164348066 0.4328074879376355
3 39 8.92881550964024 3.463487030314962
3 40 3.493951796757694 0.3035639300147476
3 41 3.8600542765943837 0.9736250366318926
3 42 4.040045998119246 9.431421997677557
3 43 0.0819969767375987 7.265042228218677
3 44 1.6139142111537794 1.5862545391963996
3 45 -0.4777625462081977 8.136854112423979
3 46 1.4647637266523283 0.7664582878533829
3 47 3.091311261085455 0.8351828437496177
3 48 1.745756098889879 -0.5391231481141937
3 49 -1.1172602186098177 1.5409071269553325
3 50 2.5083532943586624 0.4521013931451106
3 51 2.495266736046345 1.0021247820881451
3 52 1.525952209963814 1.3886685183744318
3 53 2.173507980607307 1.24619324888779
3 54 3.2790014573878437 0.32137629366700055
3 55 3.100868437372156 0.988891806095478
3 56 1.6016943341109837 0.9185887296254261
3 57 3.2114689209521354 0.9685133104500863
3 58 3.660000000000001 0.906862723900371
3 59 2.0015301460851602 0.7209291466652332
3 60 2.127378851137618 1.484962829058993
3 61 0.43745425611890193 1.3164686644645252
3 62 0.0 0.0
3 63 0.0 0.0
3 64 0.0 0.0
3 65 0.0 0.0
3 66 0.0 0.0
3 67 0.0 0.0
3 68 0.0 0.0
3 69 0.0 0.0
3 70 0.0 0.0
3 71 0.0 0.0
4 0 0.0 0.0
4 1 0.0 0.0
4 2 0.0 0.0
4 3 0.0 0.0
4 4 0.0 0.0
4 5 0.0 0.0
4 6 0.0 0.0
4 7 0.0 0.0
4 8 0.0 0.0
4 9 0.0 0.0
4 10 0.0 0.0
4 11 0.0 0.0
4 12 0.0 0.0
4 13 0.0 0.0
4 14 0.0 0.0
4 15 0.0 0.0
4 16 0.0 0.0
4 17 0.0 0.0
4 18 0.0 0.0
4 19 0.0 0.0
4 20 NaN NaN
4 21 NaN NaN
4 22 NaN NaN
4 23 1.0000000000000047 0.11859547815496635
4 24 0.0 0.0
4 25 0.0 0.0
4 26 1.6973574013997907 1.144045080044996
4 27 0.0 0.0
4 28 1.3970535548063587 0.1936142269890592
4 29 1.2999949491374256 0.4727985230921627
4 30 2.7467445780438218 0.21472351861884356
4 31 8.868632130460078 2.596838204718351
4 32 2.7035721951436216 0.29241503603163227
4 33 1.3004189810584923 1.396200605227703
4 34 2.6770511361726257 0.6891495199554336
4 35 2.999830092805087 0.41627518139965936
4 36 2.401740447880012 0.4498868515488577
4 37 2.3028890938018254 0.9659010535368869
4 38 4.524329315757403 13.348053395064607
4 39 1.329418629563599 0.3139041306317971
4 40 0.10157364566754401 1.2550196229557442
4 41 3.7 1.2553883861180173
4 42 11.618930080169015 3.453189994649661
4 43 -77.8748631382898 657.0346489766071
4 44 0.3901907097188648 1.1960663182247655
4 45 1.0689314128181202 0.30961993604051097
4 46 3.1539366721827413 1.2954557338571315
4 47 15.541977003473653 5.2868861251008905
4 48 1.5709729843472175 29.936926755436776
4 49 1.4998354185245386 1.0963701385100963
4 50 2.666938296845119 0.7367412067878818
4 51 3.102290001944933 0.6089169771571484
4 52 3.053233085229099 1.021030208005628
4 53 11.026581141280586 2.5012536819911735
4 54 2.308019820761765 0.2902563990440968
4 55 0.365914932991791 1.2820248723628824
4 56 4.1000000000000005 0.5059644256269411
4 57 -1.3052025411146668 1.8341943586665896
4 58 0.6618378052503633 0.8651139059757906
4 59 3.1705451862110623 1.0013090754333303
4 60 2.8644908583013358 0.8680258702049569
4 61 0.6374553236045971 1.3164683193838438
4 62 0.0 0.0
4 63 0.0 0.0
4 64 0.0 0.0
4 65 0.0 0.0
4 66 0.0 0.0
4 67 0.0 0.0
4 68 0.0 0.0
4 69 0.0 0.0
4 70 0.0 0.0
4 71 0.0 0.0
5 0 0.0 0.0
5 1 0.0 0.0
5 2 0.0 0.0
5 3 0.0 0.0
5 4 0.0 0.0
5 5 0.0 0.0
5 6 0.0 0.0
5 7 0.0 0.0
5 8 0.0 0.0
5 9 0.0 0.0
5 10 0.0 0.0
5 11 0.0 0.0
5 12 0.0 0.0
5 13 0.0 0.0
5 14 NaN NaN
5 15 0.0 0.0
5 16 0.0 0.0
5 17 0.0 0.0
5 18 0.0 0.0
5 19 NaN NaN
5 20 NaN NaN
5 21 0.0 0.0
5 22 1.2999999999999985 1.905415118393931
5 23 1.2000000000000002 0.11859547824341113
5 24 NaN NaN
5 25 1.2903209641438809 0.42099500456502875
5 26 NaN NaN
5 27 1.5000021023623953 0.3397292772448635
5 28 1.927928697441771 0.6560718528852826
5 29 2.253239898705715 0.37693972184137275
5 30 0.2203393296058266 0.6347863198391198
5 31 1.80740338939522 1.2691625347274311
5 32 1.7000963410409053 0.2944224481076084
5 33 2.1577705079151643 0.6262926501709667
5 34 2.0825667226996805 0.28535844643235364
5 35 -0.055959531913057824 0.8167703591628439
5 36 5.015571877745427 -41.24967821855455
5 37 3.0463433245613447 0.6464426815701587
5 38 2.9258626840182433 1.813640351377726
5 39 2.522142263712316 0.6102108903948944
5 40 1.7107313397781831 0.8228014933265805
5 41 3.4123362691194026 1.2421998143091595
5 42 2.1525371043497605 2.7523654752237743
5 43 2.000365593912609 0.41656642047803255
5 44 1.0679883128919787 1.3170983741034528
5 45 3.725582010961046 13.733281969234168
5 46 1.9715082033581546 0.7782310568541284
5 47 1.6234315500287297 18.441571529497992
5 48 2.040223030529286 0.3562259468799491
5 49 1.1664671257060941 1.1133256398405642
5 50 2.3368111689946685 0.46111263402801045
5 51 3.1944741729550277 1.2089252301794282
5 52 2.4189100071077543 20.057329441655234
5 53 1.900849285247165 -7.151828707701086
5 54 2.213363885534896 1.5476016960593106
5 55 2.3511716125299493 1.72572062466404
5 56 NaN NaN
5 57 3.309809171529989 0.383811322180417
5 58 3.5470300793640908 0.6675394592442856
5 59 3.499981934072545 0.4941983195192306
5 60 NaN NaN
5 61 3.4985180441688715 0.40570138795051053
5 62 0.0 0.0
5 63 0.0 0.0
5 64 0.0 0.0
5 65 0.0 0.0
5 66 0.0 0.0
5 67 0.0 0.0
5 68 0.0 0.0
5 69 0.0 0.0
5 70 0.0 0.0
5 71 0.0 0.0
