0 18.39362
1 7.02110
2 4.70287
3 3.26589
4 2.55251
5 2.09153
6 1.80351
7 1.64591
8 1.53528
9 1.39136
10 1.32063
11 1.21260
12 1.12462
13 1.03236
14 0.96807
15 0.95660
16 0.93703
17 0.96258
18 1.00517
19 1.03904
20 1.08556
21 1.13301
22 1.19343
23 1.22706
24 1.25014
25 1.31294
26 1.32378
27 1.35587
28 1.40541
29 1.43015
30 1.43621
31 1.44623
32 1.47057
33 1.50606
34 1.51053
35 1.51316
36 1.49980
37 1.52129
38 1.48913
39 1.45961
40 1.48644
41 1.43950
42 1.44690
43 1.35611
44 1.26009
45 1.20333
46 1.15639
47 1.00331
48 0.98137
49 0.93602
50 0.90214
51 0.93892
52 0.98170
53 1.01889
54 1.11970
55 1.17114
56 1.18686
57 1.30524
58 1.35927
59 1.43189
60 1.45036
61 1.51818
62 1.52221
63 1.59764
64 1.62379
65 1.67364
66 1.68955
67 1.75578
68 1.78169
69 1.77294
70 1.82073
71 1.86105
72 1.84760
73 1.92227
74 1.91076
75 1.82928
76 1.86826
77 1.87554
78 1.78240
79 1.74291
80 1.65998
81 1.56258
82 1.55283
83 1.42023
84 1.25420
85 1.39040
86 1.51737
87 1.50831
88 1.55766
89 1.74509
90 1.78405
91 1.98957
92 2.22252
93 2.39623
94 2.60692
95 2.75987
96 3.16124
97 3.73773
98 6.08287
99 0.97945
