0 14.53049
1 5.90067
2 4.02348
3 2.87377
4 2.28058
5 1.91085
6 1.70069
7 1.56515
8 1.50831
9 1.45522
10 1.43995
11 1.41268
12 1.41269
13 1.38339
14 1.39365
15 1.35532
16 1.36184
17 1.33204
18 1.36135
19 1.31081
20 1.32403
21 1.33160
22 1.32919
23 1.31854
24 1.35210
25 1.34535
26 1.30669
27 1.32124
28 1.34530
29 1.33631
30 1.30050
31 1.30533
32 1.33054
33 1.31717
34 1.31754
35 1.29903
36 1.32455
37 1.29779
38 1.33145
39 1.36394
40 1.34205
41 1.33804
42 1.35915
43 1.33903
44 1.35171
45 1.40170
46 1.39210
47 1.34364
48 1.39193
49 1.43692
50 1.37701
51 1.41231
52 1.40775
53 1.37443
54 1.40228
55 1.42221
56 1.44821
57 1.44569
58 1.45346
59 1.50321
60 1.44459
61 1.43800
62 1.49116
63 1.48005
64 1.53431
65 1.50816
66 1.54485
67 1.54234
68 1.59036
69 1.60938
70 1.57514
71 1.56778
72 1.63862
73 1.59515
74 1.57279
75 1.69174
76 1.66010
77 1.77423
78 1.69742
79 1.84014
80 1.81704
81 1.81491
82 1.74755
83 1.95184
84 1.94847
85 1.98007
86 1.96710
87 2.03651
88 2.06050
89 2.10263
90 2.22680
91 2.41361
92 2.34802
93 2.50347
94 2.65614
95 2.91310
96 3.22199
97 3.78250
98 5.77990
99 0.85920
