0 14.02292
1 4.48023
2 2.56057
3 1.95531
4 1.77547
5 1.67256
6 1.63544
7 1.59790
8 1.58114
9 1.55378
10 1.51960
11 1.51818
12 1.53648
13 1.48931
14 1.49507
15 1.50985
16 1.46158
17 1.51013
18 1.49586
19 1.52428
20 1.47198
21 1.50335
22 1.49861
23 1.49491
24 1.49438
25 1.53650
26 1.50019
27 1.55904
28 1.58917
29 1.63587
30 1.50100
31 1.59513
32 1.64071
33 1.62904
34 1.69128
35 1.69095
36 1.67151
37 1.74058
38 1.73567
39 1.82489
40 1.92788
41 2.05430
42 2.02114
43 2.10709
44 2.15064
45 2.21930
46 2.54717
47 2.81446
48 3.50325
49 4.23134
