0 8.42798
1 3.35241
2 2.08036
3 1.63094
4 1.48154
5 1.42630
6 1.39803
7 1.37438
8 1.34693
9 1.33626
10 1.32785
11 1.32389
12 1.34870
13 1.31394
14 1.34082
15 1.30292
16 1.32379
17 1.30833
18 1.31136
19 1.34753
20 1.34006
21 1.34896
22 1.37633
23 1.36784
24 1.41381
25 1.39463
26 1.39104
27 1.41203
28 1.44697
29 1.47766
30 1.44130
31 1.48566
32 1.52133
33 1.54361
34 1.59985
35 1.57147
36 1.61649
37 1.63097
38 1.71492
39 1.76745
40 1.81597
41 1.84434
42 1.96401
43 2.00163
44 2.08126
45 2.31817
46 2.42277
47 2.77868
48 3.47881
49 4.26984
