0 10.31038
1 3.88096
2 2.31173
3 1.72751
4 1.46647
5 1.26925
6 1.07930
7 0.96217
8 0.95033
9 1.02311
10 1.11028
11 1.21103
12 1.28284
13 1.34013
14 1.41791
15 1.44119
16 1.48802
17 1.51181
18 1.51011
19 1.47495
20 1.46424
21 1.40408
22 1.23319
23 1.08101
24 0.95868
25 0.92098
26 1.00120
27 1.14658
28 1.24792
29 1.39654
30 1.48488
31 1.56013
32 1.64862
33 1.72174
34 1.77743
35 1.83990
36 1.88234
37 1.87152
38 1.87159
39 1.76408
40 1.61409
41 1.48639
42 1.32311
43 1.51274
44 1.65434
45 1.88857
46 2.31032
47 2.68366
48 3.43102
49 4.61614
