0 28.21315
1 8.76087
2 5.34911
3 3.78375
4 2.83097
5 2.30860
6 2.02018
7 1.88741
8 1.81009
9 1.73883
10 1.69509
11 1.64813
12 1.63453
13 1.63644
14 1.58349
15 1.61382
16 1.56900
17 1.59436
18 1.56080
19 1.54631
20 1.51532
21 1.52420
22 1.51689
23 1.51955
24 1.54828
25 1.52420
26 1.49561
27 1.48270
28 1.50169
29 1.48809
30 1.49597
31 1.52501
32 1.48114
33 1.44172
34 1.53775
35 1.48249
36 1.52183
37 1.46889
38 1.50234
39 1.54746
40 1.43736
41 1.50919
42 1.48406
43 1.52401
44 1.52765
45 1.46910
46 1.50469
47 1.48538
48 1.51933
49 1.46811
50 1.52647
51 1.54694
52 1.49307
53 1.50729
54 1.57085
55 1.54709
56 1.62252
57 1.55515
58 1.61450
59 1.65856
60 1.47656
61 1.52787
62 1.56284
63 1.62985
64 1.69730
65 1.58405
66 1.70542
67 1.55277
68 1.70763
69 1.67507
70 1.64798
71 1.73263
72 1.62986
73 1.71644
74 1.70687
75 1.77757
76 1.71532
77 1.75712
78 1.80287
79 1.84816
80 1.98025
81 1.87822
82 1.96373
83 2.14905
84 1.91457
85 2.13928
86 2.05085
87 2.16617
88 2.18590
89 2.11538
90 2.00326
91 2.47148
92 2.27344
93 2.86425
94 2.90047
95 2.72549
96 3.55128
97 3.45395
98 6.01124
99 0.71111
