0.25490 0.06709 0.02194 0.01336 0.00890 0.00805 0.00486 0.00344 0.00307 0.00227  
0.00323 0.54972 0.08842 0.02779 0.01882 0.01226 0.01033 0.00963 0.00922 0.00850  
0.00004 0.00501 0.57006 0.09624 0.03248 0.01929 0.01527 0.01256 0.01229 0.01114  
0.00000 0.00007 0.00564 0.55968 0.10162 0.03640 0.02178 0.01702 0.01711 0.01303  
0.00000 0.00000 0.00008 0.00695 0.55221 0.10249 0.03420 0.02290 0.01978 0.01983  
0.00000 0.00001 0.00006 0.00014 0.00700 0.52390 0.10201 0.03749 0.02352 0.01738  
0.00000 0.00000 0.00000 0.00005 0.00022 0.00981 0.49895 0.10719 0.03408 0.02985  
0.00000 0.00001 0.00003 0.00005 0.00004 0.00059 0.01070 0.45887 0.10865 0.03986  
0.00000 0.00000 0.00000 0.00005 0.00004 0.00016 0.00060 0.01064 0.39650 0.10824  
0.00000 0.00001 0.00000 0.00000 0.00000 0.00005 0.00037 0.00091 0.01376 0.33699  
