0.05361 0.01515 0.00562 0.00365 0.00246 0.00260 0.00245 0.00304 0.00273 0.00237 0.00251 0.00168 0.00213 0.00184 0.00286 0.00222 0.00185 0.00088 0.00172 0.00098 0.00115 0.00074 0.00090 0.00109 0.00075 0.00068 0.00078 0.00061 0.00009 0.00079 0.00009 0.00009 0.00009 0.00009 0.00028 0.00028 0.00028 0.00058 0.00029 0.00029 0.00030 0.00000 0.00020 0.00041 0.00000 0.00021 0.00011 0.00011 0.00033 0.00000  
0.00855 0.16472 0.03481 0.01212 0.00881 0.00794 0.00608 0.00592 0.00507 0.00366 0.00342 0.00358 0.00312 0.00344 0.00340 0.00253 0.00273 0.00208 0.00181 0.00163 0.00278 0.00148 0.00156 0.00134 0.00092 0.00161 0.00113 0.00132 0.00131 0.00070 0.00072 0.00100 0.00108 0.00027 0.00101 0.00037 0.00047 0.00067 0.00029 0.00020 0.00010 0.00030 0.00000 0.00020 0.00000 0.00010 0.00000 0.00022 0.00033 0.00000  
0.00035 0.01238 0.28856 0.06199 0.02325 0.01358 0.01134 0.00963 0.00553 0.00565 0.00410 0.00579 0.00274 0.00298 0.00347 0.00301 0.00169 0.00217 0.00189 0.00163 0.00221 0.00156 0.00189 0.00201 0.00277 0.00102 0.00122 0.00158 0.00148 0.00097 0.00170 0.00137 0.00108 0.00082 0.00055 0.00047 0.00075 0.00067 0.00067 0.00010 0.00129 0.00020 0.00041 0.00010 0.00021 0.00021 0.00074 0.00032 0.00033 0.00000  
0.00000 0.00071 0.01751 0.38635 0.06774 0.02559 0.01653 0.01022 0.00916 0.00817 0.00653 0.00670 0.00586 0.00413 0.00394 0.00324 0.00273 0.00297 0.00230 0.00333 0.00221 0.00230 0.00230 0.00184 0.00193 0.00254 0.00234 0.00237 0.00131 0.00167 0.00161 0.00137 0.00081 0.00091 0.00092 0.00140 0.00104 0.00087 0.00125 0.00127 0.00109 0.00170 0.00102 0.00041 0.00114 0.00093 0.00021 0.00076 0.00022 0.00041  
0.00000 0.00021 0.00115 0.02337 0.42938 0.07433 0.02935 0.01725 0.01280 0.00916 0.00949 0.00784 0.00571 0.00505 0.00517 0.00364 0.00370 0.00345 0.00296 0.00366 0.00303 0.00255 0.00156 0.00235 0.00159 0.00169 0.00104 0.00254 0.00105 0.00185 0.00170 0.00173 0.00153 0.00192 0.00193 0.00186 0.00113 0.00106 0.00106 0.00156 0.00109 0.00150 0.00092 0.00071 0.00135 0.00114 0.00095 0.00076 0.00055 0.00165  
0.00000 0.00007 0.00007 0.00080 0.02174 0.44258 0.07724 0.02399 0.01991 0.01351 0.01101 0.00967 0.00670 0.00596 0.00571 0.00419 0.00434 0.00401 0.00320 0.00414 0.00311 0.00304 0.00303 0.00327 0.00310 0.00178 0.00226 0.00210 0.00270 0.00290 0.00134 0.00173 0.00117 0.00155 0.00276 0.00121 0.00094 0.00106 0.00164 0.00186 0.00178 0.00160 0.00092 0.00184 0.00145 0.00114 0.00138 0.00076 0.00088 0.00103  
0.00000 0.00000 0.00050 0.00029 0.00166 0.02255 0.44978 0.08204 0.02695 0.01694 0.01420 0.00860 0.00815 0.00795 0.00672 0.00657 0.00482 0.00369 0.00435 0.00325 0.00344 0.00345 0.00279 0.00344 0.00226 0.00220 0.00243 0.00219 0.00340 0.00264 0.00269 0.00182 0.00225 0.00173 0.00212 0.00214 0.00141 0.00154 0.00154 0.00127 0.00109 0.00190 0.00132 0.00153 0.00177 0.00145 0.00180 0.00195 0.00176 0.00083  
0.00007 0.00000 0.00000 0.00022 0.00058 0.00104 0.02654 0.44743 0.08162 0.03083 0.02096 0.01409 0.01081 0.00940 0.00741 0.00688 0.00611 0.00714 0.00526 0.00398 0.00360 0.00386 0.00361 0.00344 0.00277 0.00305 0.00295 0.00219 0.00227 0.00343 0.00242 0.00228 0.00243 0.00146 0.00184 0.00251 0.00141 0.00183 0.00202 0.00156 0.00119 0.00120 0.00143 0.00194 0.00145 0.00196 0.00159 0.00238 0.00176 0.00124  
0.00000 0.00007 0.00007 0.00000 0.00022 0.00067 0.00067 0.02466 0.45419 0.09296 0.02863 0.01881 0.01515 0.01239 0.00857 0.00570 0.00643 0.00601 0.00550 0.00488 0.00417 0.00419 0.00410 0.00453 0.00369 0.00229 0.00252 0.00237 0.00288 0.00273 0.00233 0.00246 0.00216 0.00183 0.00193 0.00214 0.00179 0.00145 0.00260 0.00205 0.00238 0.00130 0.00173 0.00163 0.00145 0.00165 0.00202 0.00238 0.00198 0.00083  
0.00000 0.00000 0.00007 0.00007 0.00000 0.00037 0.00052 0.00133 0.02688 0.44390 0.09076 0.03137 0.02025 0.01514 0.01227 0.00870 0.00828 0.00770 0.00723 0.00536 0.00581 0.00468 0.00549 0.00335 0.00360 0.00364 0.00408 0.00324 0.00253 0.00264 0.00260 0.00310 0.00243 0.00173 0.00267 0.00298 0.00179 0.00212 0.00241 0.00196 0.00238 0.00190 0.00183 0.00184 0.00218 0.00196 0.00255 0.00249 0.00154 0.00186  
0.00000 0.00000 0.00000 0.00000 0.00014 0.00000 0.00037 0.00081 0.00083 0.02450 0.43844 0.09320 0.03464 0.02317 0.01413 0.01227 0.01053 0.00722 0.00780 0.00804 0.00597 0.00534 0.00566 0.00411 0.00344 0.00373 0.00295 0.00447 0.00357 0.00448 0.00412 0.00382 0.00289 0.00246 0.00304 0.00251 0.00217 0.00337 0.00270 0.00176 0.00228 0.00279 0.00255 0.00224 0.00291 0.00217 0.00212 0.00281 0.00220 0.00330  
0.00000 0.00000 0.00000 0.00000 0.00007 0.00015 0.00015 0.00015 0.00053 0.00198 0.02787 0.45115 0.09418 0.03112 0.02285 0.01504 0.01061 0.00906 0.01068 0.00618 0.00556 0.00526 0.00508 0.00436 0.00503 0.00475 0.00347 0.00368 0.00384 0.00334 0.00403 0.00264 0.00289 0.00228 0.00193 0.00279 0.00245 0.00241 0.00250 0.00254 0.00168 0.00219 0.00214 0.00153 0.00249 0.00227 0.00202 0.00216 0.00296 0.00186  
0.00000 0.00000 0.00000 0.00000 0.00000 0.00007 0.00007 0.00007 0.00023 0.00046 0.00144 0.02581 0.44454 0.09359 0.03111 0.01955 0.01495 0.01291 0.00903 0.00967 0.00663 0.00666 0.00640 0.00536 0.00452 0.00424 0.00373 0.00395 0.00296 0.00352 0.00314 0.00337 0.00325 0.00256 0.00248 0.00344 0.00292 0.00231 0.00298 0.00244 0.00228 0.00269 0.00234 0.00224 0.00218 0.00207 0.00212 0.00195 0.00176 0.00186  
0.00000 0.00000 0.00000 0.00000 0.00000 0.00000 0.00007 0.00022 0.00008 0.00023 0.00129 0.00198 0.02558 0.44315 0.09780 0.03482 0.02042 0.01660 0.01404 0.01251 0.00924 0.00764 0.00738 0.00704 0.00595 0.00525 0.00382 0.00456 0.00453 0.00440 0.00242 0.00392 0.00316 0.00347 0.00304 0.00317 0.00330 0.00222 0.00327 0.00283 0.00198 0.00219 0.00214 0.00214 0.00374 0.00289 0.00371 0.00238 0.00165 0.00330  
0.00000 0.00000 0.00000 0.00000 0.00000 0.00000 0.00007 0.00000 0.00008 0.00023 0.00030 0.00076 0.00183 0.02913 0.43597 0.09773 0.03392 0.02173 0.01618 0.01316 0.00973 0.00748 0.00713 0.00645 0.00654 0.00517 0.00555 0.00473 0.00375 0.00360 0.00349 0.00419 0.00307 0.00310 0.00386 0.00475 0.00292 0.00270 0.00347 0.00323 0.00198 0.00160 0.00244 0.00184 0.00353 0.00269 0.00223 0.00249 0.00176 0.00330  
0.00000 0.00000 0.00000 0.00000 0.00000 0.00000 0.00000 0.00007 0.00008 0.00000 0.00015 0.00046 0.00069 0.00168 0.02941 0.43966 0.10530 0.03240 0.02152 0.01658 0.01358 0.01134 0.00902 0.00905 0.00779 0.00619 0.00677 0.00544 0.00471 0.00466 0.00385 0.00419 0.00334 0.00365 0.00340 0.00242 0.00358 0.00366 0.00279 0.00254 0.00386 0.00229 0.00255 0.00245 0.00208 0.00258 0.00265 0.00292 0.00263 0.00289  
0.00000 0.00000 0.00000 0.00000 0.00000 0.00000 0.00015 0.00000 0.00008 0.00000 0.00015 0.00015 0.00038 0.00054 0.00201 0.02793 0.43075 0.10079 0.03482 0.02145 0.01603 0.01339 0.00984 0.00947 0.00888 0.00703 0.00651 0.00544 0.00497 0.00484 0.00394 0.00483 0.00406 0.00393 0.00414 0.00344 0.00302 0.00463 0.00231 0.00293 0.00337 0.00299 0.00295 0.00326 0.00260 0.00258 0.00255 0.00367 0.00252 0.00186  
0.00000 0.00000 0.00000 0.00007 0.00000 0.00000 0.00000 0.00000 0.00000 0.00000 0.00008 0.00008 0.00008 0.00031 0.00039 0.00142 0.02998 0.43806 0.10627 0.03510 0.02184 0.01570 0.01336 0.01173 0.01047 0.00780 0.00660 0.00649 0.00610 0.00519 0.00609 0.00455 0.00352 0.00502 0.00478 0.00307 0.00358 0.00308 0.00318 0.00332 0.00218 0.00289 0.00285 0.00336 0.00239 0.00299 0.00329 0.00227 0.00198 0.00289  
0.00000 0.00000 0.00000 0.00000 0.00000 0.00000 0.00000 0.00000 0.00000 0.00000 0.00000 0.00008 0.00000 0.00015 0.00015 0.00055 0.00161 0.03039 0.43134 0.10425 0.03338 0.02268 0.01492 0.01299 0.01148 0.00966 0.00764 0.00824 0.00715 0.00571 0.00618 0.00437 0.00451 0.00466 0.00432 0.00475 0.00302 0.00357 0.00366 0.00362 0.00327 0.00229 0.00336 0.00316 0.00280 0.00361 0.00350 0.00238 0.00263 0.00351  
0.00000 0.00000 0.00000 0.00000 0.00000 0.00000 0.00000 0.00007 0.00000 0.00000 0.00000 0.00000 0.00000 0.00000 0.00023 0.00040 0.00056 0.00104 0.02760 0.42114 0.10438 0.03427 0.02304 0.01802 0.01240 0.01110 0.00972 0.00745 0.00645 0.00536 0.00681 0.00647 0.00505 0.00493 0.00423 0.00391 0.00292 0.00405 0.00337 0.00420 0.00317 0.00379 0.00356 0.00347 0.00280 0.00227 0.00308 0.00303 0.00285 0.00372  
0.00000 0.00000 0.00000 0.00000 0.00000 0.00000 0.00007 0.00000 0.00000 0.00000 0.00000 0.00000 0.00000 0.00000 0.00008 0.00040 0.00024 0.00024 0.00238 0.03242 0.41598 0.10461 0.03673 0.02388 0.01793 0.01220 0.01111 0.00894 0.00776 0.00695 0.00609 0.00574 0.00694 0.00612 0.00396 0.00391 0.00528 0.00366 0.00462 0.00303 0.00485 0.00289 0.00305 0.00367 0.00343 0.00289 0.00318 0.00313 0.00285 0.00227  
0.00000 0.00000 0.00000 0.00000 0.00000 0.00000 0.00000 0.00000 0.00000 0.00000 0.00000 0.00023 0.00008 0.00000 0.00000 0.00008 0.00024 0.00024 0.00049 0.00122 0.02978 0.41482 0.10995 0.03344 0.02070 0.01686 0.01423 0.01157 0.00863 0.00853 0.00771 0.00665 0.00631 0.00493 0.00405 0.00419 0.00452 0.00472 0.00347 0.00459 0.00317 0.00469 0.00417 0.00367 0.00395 0.00382 0.00382 0.00432 0.00252 0.00351  
0.00000 0.00000 0.00000 0.00000 0.00000 0.00000 0.00000 0.00000 0.00000 0.00008 0.00000 0.00000 0.00000 0.00000 0.00000 0.00000 0.00000 0.00008 0.00008 0.00065 0.00205 0.03106 0.40198 0.11112 0.03494 0.02432 0.01649 0.01324 0.01098 0.00914 0.00762 0.00501 0.00676 0.00593 0.00561 0.00559 0.00509 0.00636 0.00356 0.00489 0.00406 0.00399 0.00336 0.00438 0.00374 0.00330 0.00308 0.00454 0.00318 0.00227  
0.00000 0.00000 0.00000 0.00000 0.00000 0.00000 0.00000 0.00007 0.00000 0.00000 0.00000 0.00000 0.00000 0.00008 0.00008 0.00000 0.00000 0.00008 0.00000 0.00016 0.00065 0.00255 0.03312 0.40300 0.10835 0.03576 0.02178 0.01692 0.01307 0.01090 0.00923 0.00847 0.00640 0.00739 0.00580 0.00540 0.00528 0.00501 0.00520 0.00518 0.00426 0.00309 0.00397 0.00367 0.00561 0.00279 0.00371 0.00346 0.00340 0.00434  
0.00000 0.00000 0.00000 0.00000 0.00000 0.00000 0.00000 0.00000 0.00000 0.00000 0.00000 0.00000 0.00000 0.00000 0.00000 0.00016 0.00000 0.00024 0.00000 0.00000 0.00049 0.00107 0.00271 0.03210 0.38931 0.10653 0.03394 0.02341 0.01726 0.01292 0.01075 0.00874 0.00794 0.00840 0.00708 0.00531 0.00500 0.00569 0.00443 0.00420 0.00475 0.00359 0.00336 0.00398 0.00322 0.00527 0.00350 0.00367 0.00417 0.00434  
0.00000 0.00000 0.00000 0.00000 0.00000 0.00000 0.00000 0.00000 0.00000 0.00000 0.00000 0.00000 0.00000 0.00000 0.00000 0.00000 0.00000 0.00000 0.00000 0.00016 0.00016 0.00041 0.00107 0.00151 0.03268 0.38864 0.10831 0.03797 0.02414 0.01582 0.01658 0.01238 0.01037 0.00958 0.00800 0.00568 0.00735 0.00530 0.00549 0.00587 0.00525 0.00489 0.00499 0.00285 0.00498 0.00289 0.00424 0.00313 0.00340 0.00268  
0.00000 0.00000 0.00000 0.00000 0.00000 0.00000 0.00000 0.00000 0.00000 0.00000 0.00000 0.00000 0.00000 0.00000 0.00000 0.00000 0.00008 0.00000 0.00000 0.00008 0.00025 0.00025 0.00033 0.00159 0.00335 0.03347 0.38986 0.11039 0.03748 0.02338 0.01694 0.01238 0.01281 0.00895 0.00846 0.00894 0.00613 0.00607 0.00539 0.00587 0.00436 0.00529 0.00468 0.00418 0.00395 0.00330 0.00308 0.00313 0.00395 0.00516  
0.00000 0.00000 0.00000 0.00000 0.00000 0.00000 0.00000 0.00000 0.00000 0.00000 0.00000 0.00000 0.00000 0.00000 0.00000 0.00000 0.00008 0.00000 0.00000 0.00000 0.00008 0.00016 0.00016 0.00017 0.00117 0.00331 0.03367 0.37405 0.11592 0.03868 0.02151 0.01748 0.01434 0.01086 0.01012 0.00754 0.00735 0.00694 0.00558 0.00499 0.00535 0.00619 0.00570 0.00520 0.00447 0.00361 0.00371 0.00421 0.00428 0.00372  
0.00000 0.00000 0.00000 0.00000 0.00000 0.00000 0.00000 0.00000 0.00000 0.00000 0.00000 0.00000 0.00000 0.00000 0.00000 0.00000 0.00000 0.00008 0.00000 0.00000 0.00000 0.00000 0.00008 0.00025 0.00059 0.00068 0.00295 0.03393 0.36564 0.11719 0.03880 0.02304 0.01740 0.01296 0.01233 0.00894 0.00886 0.00656 0.00693 0.00538 0.00505 0.00569 0.00407 0.00530 0.00426 0.00485 0.00403 0.00378 0.00373 0.00516  
0.00000 0.00000 0.00000 0.00000 0.00000 0.00000 0.00000 0.00000 0.00000 0.00000 0.00000 0.00000 0.00000 0.00000 0.00000 0.00000 0.00000 0.00000 0.00000 0.00000 0.00000 0.00000 0.00025 0.00025 0.00050 0.00042 0.00130 0.00298 0.03495 0.36044 0.10708 0.03815 0.02182 0.01807 0.01398 0.01173 0.01188 0.00627 0.00770 0.00626 0.00475 0.00668 0.00499 0.00510 0.00623 0.00537 0.00414 0.00443 0.00395 0.00454  
0.00000 0.00000 0.00000 0.00000 0.00000 0.00000 0.00000 0.00000 0.00000 0.00000 0.00000 0.00000 0.00000 0.00000 0.00000 0.00000 0.00000 0.00000 0.00008 0.00000 0.00000 0.00000 0.00033 0.00008 0.00017 0.00025 0.00095 0.00228 0.00340 0.03534 0.35484 0.11819 0.04004 0.02364 0.01711 0.01462 0.01169 0.01099 0.00886 0.00870 0.00634 0.00778 0.00621 0.00561 0.00550 0.00527 0.00583 0.00519 0.00483 0.00454  
0.00000 0.00000 0.00000 0.00000 0.00000 0.00000 0.00000 0.00000 0.00000 0.00000 0.00000 0.00000 0.00000 0.00000 0.00000 0.00000 0.00000 0.00000 0.00000 0.00000 0.00008 0.00008 0.00016 0.00008 0.00017 0.00017 0.00017 0.00061 0.00122 0.00325 0.03620 0.34384 0.11245 0.03816 0.02327 0.01778 0.01442 0.01253 0.01088 0.00811 0.00901 0.00698 0.00814 0.00602 0.00561 0.00506 0.00499 0.00519 0.00450 0.00330  
0.00000 0.00000 0.00000 0.00000 0.00000 0.00000 0.00000 0.00000 0.00000 0.00000 0.00000 0.00000 0.00000 0.00000 0.00008 0.00000 0.00000 0.00000 0.00000 0.00000 0.00000 0.00008 0.00000 0.00000 0.00008 0.00008 0.00026 0.00053 0.00070 0.00097 0.00421 0.03606 0.34151 0.11456 0.03799 0.02430 0.01659 0.01321 0.01213 0.01026 0.00931 0.00868 0.00662 0.00673 0.00519 0.00537 0.00371 0.00508 0.00428 0.00392  
0.00000 0.00000 0.00000 0.00000 0.00000 0.00000 0.00000 0.00000 0.00000 0.00000 0.00000 0.00000 0.00000 0.00000 0.00000 0.00000 0.00000 0.00000 0.00008 0.00008 0.00000 0.00008 0.00000 0.00017 0.00000 0.00000 0.00026 0.00026 0.00052 0.00062 0.00116 0.00319 0.03715 0.33455 0.11324 0.03473 0.02328 0.01649 0.01328 0.01036 0.01119 0.00758 0.00774 0.00887 0.00613 0.00806 0.00583 0.00594 0.00670 0.00454  
0.00000 0.00000 0.00000 0.00000 0.00000 0.00000 0.00000 0.00000 0.00000 0.00000 0.00000 0.00000 0.00000 0.00000 0.00000 0.00000 0.00000 0.00000 0.00000 0.00000 0.00000 0.00000 0.00000 0.00000 0.00000 0.00008 0.00009 0.00044 0.00044 0.00035 0.00063 0.00164 0.00424 0.03405 0.32030 0.11228 0.03912 0.02092 0.01915 0.01241 0.01159 0.01008 0.00784 0.00795 0.00706 0.00496 0.00690 0.00486 0.00560 0.00785  
0.00000 0.00000 0.00000 0.00000 0.00000 0.00000 0.00000 0.00000 0.00000 0.00000 0.00000 0.00000 0.00000 0.00000 0.00000 0.00000 0.00000 0.00000 0.00000 0.00000 0.00000 0.00008 0.00000 0.00008 0.00000 0.00000 0.00017 0.00000 0.00017 0.00053 0.00045 0.00073 0.00135 0.00393 0.03827 0.32278 0.11160 0.03847 0.02358 0.01818 0.01535 0.01207 0.00937 0.00938 0.00924 0.00764 0.00679 0.00746 0.00691 0.00743  
0.00000 0.00000 0.00000 0.00000 0.00000 0.00000 0.00000 0.00000 0.00000 0.00000 0.00000 0.00000 0.00000 0.00000 0.00000 0.00000 0.00000 0.00000 0.00000 0.00000 0.00008 0.00000 0.00000 0.00000 0.00000 0.00000 0.00000 0.00009 0.00017 0.00026 0.00018 0.00027 0.00090 0.00155 0.00478 0.03817 0.30804 0.11164 0.04072 0.02630 0.01932 0.01476 0.01161 0.01040 0.00789 0.00795 0.00785 0.00811 0.00626 0.00537  
0.00000 0.00000 0.00000 0.00000 0.00000 0.00000 0.00000 0.00000 0.00000 0.00000 0.00000 0.00000 0.00000 0.00000 0.00000 0.00000 0.00008 0.00000 0.00000 0.00000 0.00000 0.00000 0.00000 0.00000 0.00008 0.00008 0.00000 0.00000 0.00009 0.00000 0.00018 0.00018 0.00045 0.00082 0.00193 0.00400 0.03752 0.30878 0.11118 0.04096 0.02298 0.01716 0.01568 0.01203 0.01101 0.00940 0.00743 0.00692 0.00713 0.00558  
0.00000 0.00000 0.00000 0.00000 0.00000 0.00000 0.00000 0.00000 0.00000 0.00000 0.00000 0.00000 0.00000 0.00000 0.00000 0.00000 0.00000 0.00000 0.00000 0.00000 0.00008 0.00000 0.00000 0.00000 0.00000 0.00008 0.00000 0.00009 0.00017 0.00018 0.00009 0.00000 0.00009 0.00055 0.00092 0.00242 0.00490 0.03827 0.28598 0.11261 0.03834 0.02773 0.01527 0.01315 0.01225 0.01033 0.00997 0.00735 0.00823 0.00743  
0.00000 0.00000 0.00000 0.00000 0.00000 0.00000 0.00000 0.00000 0.00000 0.00000 0.00000 0.00000 0.00000 0.00000 0.00000 0.00000 0.00000 0.00000 0.00000 0.00000 0.00000 0.00000 0.00000 0.00000 0.00000 0.00000 0.00000 0.00000 0.00000 0.00000 0.00009 0.00027 0.00009 0.00000 0.00018 0.00084 0.00189 0.00559 0.03648 0.27986 0.11184 0.04100 0.02260 0.01764 0.01371 0.01260 0.00923 0.00811 0.00812 0.00558  
0.00000 0.00000 0.00000 0.00000 0.00000 0.00000 0.00000 0.00000 0.00000 0.00000 0.00000 0.00000 0.00000 0.00008 0.00000 0.00000 0.00000 0.00000 0.00000 0.00000 0.00000 0.00000 0.00000 0.00000 0.00000 0.00000 0.00000 0.00000 0.00009 0.00009 0.00000 0.00009 0.00009 0.00018 0.00074 0.00065 0.00104 0.00212 0.00472 0.03431 0.27023 0.11353 0.04093 0.02233 0.01724 0.01436 0.01167 0.00854 0.00889 0.00867  
0.00000 0.00000 0.00000 0.00000 0.00000 0.00000 0.00000 0.00000 0.00000 0.00000 0.00000 0.00000 0.00000 0.00000 0.00000 0.00000 0.00000 0.00000 0.00000 0.00000 0.00000 0.00000 0.00000 0.00000 0.00008 0.00000 0.00000 0.00000 0.00009 0.00026 0.00000 0.00009 0.00018 0.00018 0.00037 0.00047 0.00104 0.00087 0.00212 0.00557 0.03972 0.25389 0.11790 0.04048 0.02243 0.01756 0.01549 0.01405 0.01240 0.00847  
0.00000 0.00000 0.00000 0.00000 0.00000 0.00000 0.00000 0.00000 0.00000 0.00000 0.00000 0.00000 0.00000 0.00000 0.00000 0.00000 0.00000 0.00000 0.00000 0.00000 0.00000 0.00000 0.00000 0.00000 0.00000 0.00000 0.00000 0.00000 0.00000 0.00009 0.00018 0.00000 0.00009 0.00000 0.00009 0.00037 0.00028 0.00096 0.00096 0.00244 0.00555 0.03442 0.24822 0.10808 0.03676 0.02303 0.01782 0.01383 0.01328 0.01053  
0.00000 0.00000 0.00000 0.00000 0.00000 0.00000 0.00000 0.00000 0.00000 0.00000 0.00000 0.00000 0.00000 0.00000 0.00000 0.00000 0.00000 0.00000 0.00000 0.00000 0.00000 0.00000 0.00000 0.00000 0.00000 0.00000 0.00000 0.00009 0.00000 0.00000 0.00000 0.00000 0.00027 0.00018 0.00028 0.00009 0.00047 0.00019 0.00058 0.00127 0.00228 0.00738 0.03675 0.24072 0.10727 0.03873 0.02663 0.02032 0.01493 0.01280  
0.00000 0.00000 0.00000 0.00000 0.00000 0.00000 0.00000 0.00000 0.00000 0.00000 0.00000 0.00000 0.00000 0.00000 0.00000 0.00000 0.00000 0.00000 0.00000 0.00000 0.00000 0.00000 0.00000 0.00000 0.00000 0.00000 0.00000 0.00000 0.00000 0.00000 0.00009 0.00000 0.00000 0.00018 0.00009 0.00009 0.00038 0.00019 0.00067 0.00068 0.00099 0.00239 0.00631 0.03375 0.23292 0.10709 0.04137 0.02756 0.01954 0.01487  
0.00000 0.00000 0.00000 0.00000 0.00000 0.00000 0.00000 0.00000 0.00000 0.00000 0.00000 0.00000 0.00000 0.00000 0.00000 0.00000 0.00000 0.00000 0.00000 0.00000 0.00000 0.00000 0.00000 0.00000 0.00000 0.00000 0.00009 0.00000 0.00000 0.00000 0.00000 0.00000 0.00000 0.00009 0.00000 0.00019 0.00009 0.00039 0.00029 0.00039 0.00059 0.00180 0.00295 0.00469 0.03416 0.21398 0.10194 0.03837 0.02744 0.01962  
0.00000 0.00000 0.00000 0.00000 0.00000 0.00000 0.00000 0.00000 0.00000 0.00000 0.00000 0.00000 0.00000 0.00000 0.00000 0.00000 0.00000 0.00000 0.00000 0.00000 0.00000 0.00008 0.00000 0.00000 0.00000 0.00000 0.00009 0.00000 0.00000 0.00000 0.00000 0.00000 0.00009 0.00000 0.00018 0.00019 0.00000 0.00019 0.00019 0.00020 0.00040 0.00090 0.00122 0.00347 0.00644 0.03708 0.20685 0.10159 0.04215 0.02561  
0.00000 0.00000 0.00000 0.00000 0.00000 0.00000 0.00000 0.00000 0.00000 0.00000 0.00000 0.00000 0.00000 0.00000 0.00000 0.00000 0.00000 0.00000 0.00000 0.00000 0.00000 0.00000 0.00000 0.00000 0.00000 0.00000 0.00000 0.00000 0.00000 0.00000 0.00000 0.00000 0.00009 0.00000 0.00000 0.00009 0.00009 0.00000 0.00029 0.00049 0.00069 0.00040 0.00092 0.00184 0.00228 0.00806 0.03299 0.18751 0.10218 0.04213  
0.00000 0.00000 0.00000 0.00000 0.00000 0.00000 0.00000 0.00000 0.00000 0.00000 0.00000 0.00000 0.00000 0.00000 0.00000 0.00000 0.00000 0.00000 0.00000 0.00000 0.00000 0.00000 0.00000 0.00000 0.00000 0.00000 0.00000 0.00000 0.00000 0.00000 0.00000 0.00000 0.00000 0.00000 0.00009 0.00009 0.00019 0.00010 0.00010 0.00059 0.00059 0.00020 0.00081 0.00082 0.00187 0.00279 0.00636 0.03339 0.17012 0.12784  
0.00000 0.00000 0.00000 0.00000 0.00000 0.00000 0.00000 0.00000 0.00000 0.00000 0.00000 0.00000 0.00000 0.00000 0.00000 0.00000 0.00000 0.00000 0.00000 0.00000 0.00000 0.00000 0.00000 0.00000 0.00008 0.00000 0.00000 0.00009 0.00000 0.00000 0.00000 0.00009 0.00000 0.00018 0.00009 0.00009 0.00009 0.00019 0.00048 0.00000 0.00010 0.00050 0.00031 0.00061 0.00125 0.00124 0.00318 0.00692 0.03238 0.14271  
