0.27216 0.06360 0.02013 0.01366 0.01007 0.00613 0.00518 0.00365 0.00340 0.00194  
0.00291 0.55391 0.06772 0.02786 0.01775 0.01303 0.01113 0.00997 0.00653 0.00783  
0.00004 0.00824 0.58996 0.09203 0.03329 0.02052 0.01576 0.01329 0.01196 0.01121  
0.00000 0.00003 0.00996 0.56649 0.11579 0.03005 0.02215 0.01826 0.01521 0.01436  
0.00001 0.00000 0.00011 0.00581 0.53355 0.07637 0.03473 0.02472 0.01945 0.01726  
0.00000 0.00003 0.00001 0.00017 0.00539 0.54607 0.09366 0.03797 0.02556 0.01959  
0.00000 0.00000 0.00000 0.00005 0.00029 0.01655 0.50320 0.11690 0.03741 0.02520  
0.00000 0.00000 0.00001 0.00004 0.00007 0.00041 0.01156 0.44732 0.09953 0.03892  
0.00000 0.00000 0.00002 0.00001 0.00002 0.00016 0.00064 0.00812 0.40337 0.09601  
0.00000 0.00000 0.00001 0.00003 0.00004 0.00004 0.00019 0.00074 0.01830 0.35363  
