0.04948 0.01573 0.00563 0.00300 0.00278 0.00280 0.00220 0.00239 0.00257 0.00263 0.00230 0.00153 0.00221 0.00204 0.00125 0.00159 0.00245 0.00220 0.00149 0.00172 0.00081 0.00137 0.00167 0.00144 0.00111 0.00024 0.00128 0.00078 0.00115 0.00060 0.00033 0.00035 0.00037 0.00122 0.00000 0.00000 0.00000 0.00050 0.00000 0.00058 0.00062 0.00000 0.00000 0.00069 0.00000 0.00079 0.00000 0.00000 0.00093 0.00000  
0.00687 0.15935 0.03707 0.01417 0.00974 0.00810 0.00735 0.00587 0.00530 0.00370 0.00438 0.00414 0.00306 0.00285 0.00250 0.00249 0.00167 0.00281 0.00203 0.00172 0.00195 0.00171 0.00298 0.00083 0.00155 0.00119 0.00128 0.00078 0.00057 0.00030 0.00067 0.00142 0.00112 0.00041 0.00042 0.00000 0.00000 0.00000 0.00053 0.00116 0.00000 0.00064 0.00000 0.00000 0.00000 0.00000 0.00000 0.00000 0.00000 0.00000  
0.00042 0.01177 0.28439 0.06264 0.02185 0.01381 0.01110 0.00844 0.00602 0.00633 0.00628 0.00503 0.00555 0.00294 0.00383 0.00209 0.00289 0.00293 0.00230 0.00330 0.00244 0.00137 0.00167 0.00124 0.00177 0.00214 0.00179 0.00209 0.00172 0.00210 0.00100 0.00000 0.00075 0.00162 0.00125 0.00045 0.00193 0.00000 0.00106 0.00116 0.00000 0.00064 0.00065 0.00069 0.00000 0.00000 0.00082 0.00000 0.00000 0.00000  
0.00017 0.00079 0.01782 0.38129 0.07347 0.02531 0.01596 0.01185 0.00909 0.00686 0.00662 0.00554 0.00441 0.00400 0.00499 0.00339 0.00267 0.00354 0.00257 0.00301 0.00228 0.00257 0.00112 0.00144 0.00177 0.00190 0.00179 0.00183 0.00143 0.00120 0.00033 0.00142 0.00075 0.00122 0.00291 0.00091 0.00241 0.00050 0.00000 0.00058 0.00125 0.00129 0.00000 0.00000 0.00075 0.00158 0.00000 0.00086 0.00093 0.00000  
0.00004 0.00031 0.00095 0.02032 0.41962 0.07604 0.02684 0.01664 0.01115 0.00920 0.00819 0.00694 0.00598 0.00449 0.00544 0.00378 0.00511 0.00256 0.00284 0.00330 0.00211 0.00240 0.00335 0.00144 0.00155 0.00261 0.00256 0.00418 0.00200 0.00240 0.00267 0.00142 0.00037 0.00122 0.00125 0.00045 0.00193 0.00050 0.00160 0.00116 0.00125 0.00322 0.00065 0.00137 0.00149 0.00000 0.00165 0.00171 0.00093 0.00000  
0.00001 0.00010 0.00047 0.00120 0.02204 0.43841 0.08049 0.02871 0.01835 0.01237 0.01105 0.00936 0.00676 0.00775 0.00633 0.00458 0.00422 0.00512 0.00338 0.00273 0.00309 0.00326 0.00298 0.00310 0.00420 0.00238 0.00205 0.00157 0.00115 0.00180 0.00234 0.00248 0.00149 0.00162 0.00208 0.00136 0.00097 0.00101 0.00106 0.00231 0.00187 0.00129 0.00261 0.00206 0.00224 0.00158 0.00082 0.00086 0.00000 0.00353  
0.00000 0.00007 0.00023 0.00042 0.00112 0.02369 0.44378 0.08137 0.02857 0.01865 0.01447 0.01025 0.00868 0.00677 0.00705 0.00548 0.00445 0.00464 0.00500 0.00402 0.00293 0.00326 0.00260 0.00165 0.00199 0.00190 0.00308 0.00104 0.00315 0.00270 0.00300 0.00142 0.00187 0.00203 0.00249 0.00091 0.00290 0.00101 0.00319 0.00173 0.00125 0.00129 0.00261 0.00000 0.00149 0.00158 0.00082 0.00171 0.00185 0.00353  
0.00000 0.00001 0.00012 0.00017 0.00044 0.00111 0.02377 0.44928 0.08627 0.02828 0.01795 0.01382 0.01153 0.00881 0.01017 0.00677 0.00634 0.00488 0.00486 0.00474 0.00553 0.00257 0.00484 0.00413 0.00398 0.00214 0.00308 0.00287 0.00372 0.00150 0.00134 0.00248 0.00224 0.00162 0.00125 0.00272 0.00193 0.00101 0.00160 0.00116 0.00125 0.00193 0.00458 0.00137 0.00224 0.00000 0.00329 0.00257 0.00371 0.00353  
0.00001 0.00000 0.00004 0.00008 0.00019 0.00028 0.00124 0.02457 0.44868 0.08807 0.03012 0.02006 0.01552 0.01232 0.00856 0.00797 0.00578 0.00647 0.00514 0.00517 0.00667 0.00480 0.00260 0.00475 0.00243 0.00166 0.00256 0.00287 0.00258 0.00421 0.00100 0.00142 0.00224 0.00324 0.00333 0.00136 0.00193 0.00302 0.00266 0.00116 0.00187 0.00258 0.00000 0.00206 0.00000 0.00079 0.00165 0.00342 0.00093 0.00000  
0.00000 0.00001 0.00007 0.00005 0.00017 0.00015 0.00077 0.00130 0.02407 0.45197 0.09552 0.02911 0.01958 0.01533 0.01008 0.00896 0.00800 0.00695 0.00486 0.00574 0.00504 0.00291 0.00446 0.00557 0.00398 0.00380 0.00384 0.00287 0.00143 0.00120 0.00267 0.00355 0.00187 0.00122 0.00125 0.00454 0.00241 0.00101 0.00319 0.00173 0.00312 0.00064 0.00196 0.00343 0.00224 0.00158 0.00000 0.00342 0.00000 0.00529  
0.00000 0.00000 0.00000 0.00007 0.00006 0.00008 0.00028 0.00043 0.00189 0.02643 0.45221 0.09534 0.03175 0.02137 0.01605 0.01255 0.00967 0.00939 0.00649 0.00660 0.00651 0.00531 0.00484 0.00392 0.00575 0.00380 0.00333 0.00366 0.00143 0.00300 0.00300 0.00284 0.00262 0.00446 0.00042 0.00181 0.00193 0.00151 0.00106 0.00289 0.00187 0.00258 0.00261 0.00343 0.00224 0.00000 0.00576 0.00086 0.00093 0.00000  
0.00000 0.00000 0.00000 0.00000 0.00006 0.00008 0.00009 0.00022 0.00067 0.00166 0.02552 0.45347 0.09745 0.02945 0.01944 0.01464 0.01167 0.01061 0.00770 0.00818 0.00537 0.00634 0.00502 0.00495 0.00376 0.00523 0.00154 0.00392 0.00258 0.00391 0.00267 0.00319 0.00299 0.00446 0.00208 0.00317 0.00241 0.00352 0.00266 0.00173 0.00249 0.00193 0.00196 0.00206 0.00522 0.00158 0.00329 0.00086 0.00000 0.00529  
0.00000 0.00000 0.00000 0.00003 0.00004 0.00008 0.00019 0.00014 0.00025 0.00039 0.00123 0.02898 0.44284 0.09315 0.03184 0.02151 0.01445 0.01257 0.01122 0.00717 0.00618 0.00771 0.00800 0.00619 0.00332 0.00475 0.00205 0.00470 0.00372 0.00270 0.00534 0.00319 0.00262 0.00324 0.00125 0.00272 0.00193 0.00504 0.00266 0.00116 0.00062 0.00129 0.00327 0.00481 0.00149 0.00000 0.00329 0.00257 0.00000 0.00000  
0.00000 0.00001 0.00001 0.00000 0.00000 0.00005 0.00000 0.00004 0.00013 0.00024 0.00079 0.00172 0.02783 0.44608 0.09953 0.03635 0.01956 0.01501 0.01284 0.01019 0.01009 0.00908 0.00707 0.00640 0.00398 0.00523 0.00256 0.00313 0.00401 0.00511 0.00467 0.00142 0.00112 0.00162 0.00333 0.00272 0.00338 0.00302 0.00426 0.00116 0.00312 0.00129 0.00392 0.00275 0.00149 0.00316 0.00165 0.00257 0.00371 0.00176  
0.00000 0.00000 0.00000 0.00000 0.00000 0.00000 0.00006 0.00007 0.00004 0.00000 0.00045 0.00051 0.00164 0.02936 0.43878 0.10187 0.03413 0.02281 0.01662 0.01650 0.00960 0.00822 0.00818 0.00660 0.00708 0.00641 0.00589 0.00575 0.00344 0.00360 0.00334 0.00461 0.00448 0.00446 0.00208 0.00136 0.00290 0.00302 0.00213 0.00231 0.00187 0.00322 0.00261 0.00137 0.00224 0.00316 0.00412 0.00257 0.00278 0.00705  
0.00000 0.00001 0.00000 0.00000 0.00000 0.00000 0.00000 0.00000 0.00004 0.00015 0.00028 0.00038 0.00050 0.00155 0.02551 0.43816 0.10082 0.03391 0.02081 0.01693 0.01301 0.01199 0.00855 0.00722 0.00597 0.00523 0.00461 0.00575 0.00458 0.00421 0.00334 0.00426 0.00374 0.00203 0.00457 0.00181 0.00483 0.00201 0.00266 0.00520 0.00623 0.00322 0.00196 0.00343 0.00298 0.00000 0.00247 0.00257 0.00093 0.00353  
0.00000 0.00000 0.00000 0.00000 0.00000 0.00000 0.00003 0.00004 0.00000 0.00015 0.00006 0.00032 0.00043 0.00049 0.00294 0.02569 0.43631 0.10772 0.03446 0.02267 0.01724 0.01748 0.01079 0.01094 0.00885 0.01093 0.00846 0.00444 0.00630 0.00871 0.00401 0.00284 0.00411 0.00365 0.00291 0.00363 0.00241 0.00302 0.00319 0.00520 0.00623 0.00129 0.00196 0.00069 0.00373 0.00316 0.00082 0.00086 0.00463 0.00176  
0.00000 0.00000 0.00001 0.00000 0.00000 0.00000 0.00000 0.00000 0.00000 0.00000 0.00000 0.00006 0.00028 0.00041 0.00062 0.00179 0.03024 0.41906 0.10297 0.03702 0.02245 0.01525 0.01451 0.01156 0.00907 0.00760 0.00641 0.00940 0.00601 0.00571 0.00334 0.00355 0.00486 0.00486 0.00249 0.00454 0.00097 0.00352 0.00373 0.00289 0.00125 0.00516 0.00588 0.00618 0.00224 0.00000 0.00412 0.00599 0.00278 0.00353  
0.00000 0.00000 0.00000 0.00000 0.00000 0.00000 0.00003 0.00000 0.00000 0.00000 0.00000 0.00000 0.00007 0.00000 0.00045 0.00040 0.00200 0.02818 0.42189 0.10088 0.03400 0.02159 0.01655 0.01445 0.01548 0.00950 0.00999 0.00810 0.00687 0.00661 0.00668 0.00568 0.00561 0.00446 0.00457 0.00363 0.00193 0.00403 0.00426 0.00231 0.00312 0.00258 0.00392 0.00481 0.00224 0.00316 0.00165 0.00257 0.00093 0.00353  
0.00000 0.00000 0.00000 0.00000 0.00000 0.00000 0.00000 0.00000 0.00000 0.00000 0.00006 0.00006 0.00000 0.00000 0.00018 0.00060 0.00044 0.00207 0.02878 0.41412 0.10591 0.03564 0.02269 0.01713 0.01526 0.01069 0.00820 0.00810 0.00687 0.00691 0.00734 0.00426 0.00747 0.00446 0.00291 0.00363 0.00435 0.00252 0.00319 0.00636 0.00312 0.00387 0.00327 0.00206 0.00373 0.00316 0.00823 0.00171 0.00093 0.00353  
0.00000 0.00000 0.00000 0.00000 0.00000 0.00000 0.00000 0.00000 0.00000 0.00000 0.00000 0.00000 0.00021 0.00000 0.00000 0.00030 0.00044 0.00085 0.00162 0.03085 0.42297 0.10607 0.03162 0.01837 0.01659 0.01354 0.01333 0.00783 0.00973 0.00811 0.00801 0.00710 0.00673 0.00608 0.00541 0.00635 0.00483 0.00554 0.00426 0.00173 0.00374 0.00322 0.00261 0.00481 0.00671 0.00316 0.00165 0.00000 0.00371 0.00353  
0.00000 0.00000 0.00000 0.00000 0.00000 0.00000 0.00000 0.00000 0.00000 0.00000 0.00006 0.00000 0.00000 0.00000 0.00000 0.00010 0.00000 0.00012 0.00054 0.00230 0.03107 0.41193 0.11326 0.03488 0.02256 0.01544 0.01358 0.01097 0.00802 0.00811 0.00901 0.00603 0.00411 0.00567 0.00416 0.00408 0.00241 0.00151 0.00745 0.00289 0.00312 0.00258 0.00458 0.00275 0.00447 0.00711 0.00576 0.00342 0.00463 0.00529  
0.00000 0.00000 0.00000 0.00000 0.00000 0.00000 0.00000 0.00000 0.00000 0.00000 0.00000 0.00000 0.00000 0.00000 0.00000 0.00000 0.00011 0.00024 0.00081 0.00072 0.00179 0.02999 0.41547 0.10320 0.03538 0.02613 0.01845 0.01280 0.01603 0.01202 0.00668 0.00852 0.00523 0.00527 0.00457 0.00408 0.00483 0.00453 0.00266 0.00520 0.00561 0.00258 0.00131 0.00275 0.00373 0.00316 0.00329 0.00428 0.00278 0.00529  
0.00000 0.00000 0.00000 0.00000 0.00000 0.00000 0.00000 0.00000 0.00000 0.00000 0.00000 0.00000 0.00007 0.00000 0.00000 0.00000 0.00000 0.00012 0.00014 0.00115 0.00016 0.00257 0.02864 0.40908 0.11588 0.03634 0.02435 0.01541 0.01117 0.00811 0.00668 0.00816 0.00673 0.00567 0.00624 0.00590 0.00386 0.00252 0.00373 0.00462 0.00312 0.00322 0.00588 0.00206 0.00149 0.00632 0.00329 0.00428 0.00278 0.01058  
0.00000 0.00000 0.00000 0.00000 0.00000 0.00000 0.00000 0.00000 0.00000 0.00000 0.00000 0.00000 0.00007 0.00000 0.00000 0.00000 0.00000 0.00000 0.00000 0.00029 0.00065 0.00137 0.00316 0.03034 0.39783 0.11568 0.03716 0.01959 0.01689 0.01262 0.01235 0.00674 0.00710 0.00932 0.00748 0.00680 0.00724 0.00705 0.00426 0.00520 0.00499 0.00903 0.00458 0.00618 0.00373 0.00395 0.00412 0.00514 0.00278 0.00176  
0.00000 0.00000 0.00000 0.00000 0.00000 0.00000 0.00000 0.00004 0.00000 0.00000 0.00006 0.00000 0.00000 0.00000 0.00000 0.00000 0.00011 0.00024 0.00000 0.00014 0.00033 0.00051 0.00056 0.00351 0.02808 0.38504 0.11302 0.03526 0.02290 0.01772 0.01168 0.01100 0.01046 0.00729 0.00915 0.00590 0.00724 0.00806 0.00532 0.00578 0.00374 0.00451 0.00654 0.00275 0.00447 0.00237 0.00165 0.00171 0.00371 0.00705  
0.00000 0.00000 0.00000 0.00000 0.00000 0.00000 0.00000 0.00000 0.00000 0.00000 0.00000 0.00000 0.00014 0.00000 0.00000 0.00000 0.00000 0.00000 0.00000 0.00000 0.00049 0.00017 0.00000 0.00083 0.00221 0.02827 0.39185 0.11178 0.03550 0.02343 0.01802 0.01775 0.01233 0.00972 0.00790 0.00952 0.00676 0.00806 0.00426 0.00925 0.00499 0.00580 0.00327 0.00343 0.00447 0.00395 0.00247 0.00257 0.00371 0.00000  
0.00000 0.00000 0.00000 0.00000 0.00000 0.00000 0.00000 0.00000 0.00000 0.00000 0.00000 0.00000 0.00000 0.00000 0.00000 0.00000 0.00000 0.00000 0.00014 0.00000 0.00016 0.00017 0.00019 0.00144 0.00044 0.00380 0.02870 0.37947 0.11652 0.04145 0.01802 0.01597 0.01570 0.01256 0.01123 0.00726 0.00483 0.00856 0.00586 0.00347 0.00686 0.00516 0.00261 0.00343 0.00522 0.00316 0.00494 0.00771 0.00278 0.00176  
0.00000 0.00000 0.00000 0.00000 0.00000 0.00000 0.00000 0.00000 0.00000 0.00000 0.00000 0.00000 0.00000 0.00000 0.00000 0.00000 0.00000 0.00000 0.00000 0.00000 0.00000 0.00017 0.00000 0.00021 0.00066 0.00119 0.00231 0.03160 0.36129 0.11175 0.03538 0.02485 0.01457 0.01418 0.01164 0.00952 0.00869 0.00957 0.00586 0.00751 0.00873 0.00645 0.00327 0.00481 0.00373 0.00474 0.00494 0.00514 0.00278 0.00353  
0.00000 0.00001 0.00000 0.00000 0.00000 0.00000 0.00000 0.00000 0.00000 0.00000 0.00000 0.00000 0.00000 0.00008 0.00000 0.00000 0.00000 0.00000 0.00014 0.00000 0.00000 0.00000 0.00000 0.00000 0.00000 0.00000 0.00128 0.00340 0.03636 0.35326 0.11248 0.03585 0.02167 0.01823 0.01289 0.01179 0.01159 0.00755 0.00639 0.00694 0.00561 0.00709 0.00196 0.00549 0.00224 0.00237 0.00412 0.00171 0.00371 0.00353  
0.00000 0.00000 0.00000 0.00000 0.00000 0.00000 0.00000 0.00000 0.00000 0.00000 0.00000 0.00000 0.00000 0.00000 0.00000 0.00000 0.00000 0.00000 0.00000 0.00000 0.00000 0.00000 0.00019 0.00000 0.00022 0.00000 0.00000 0.00183 0.00229 0.03935 0.36682 0.12638 0.03999 0.02593 0.01538 0.01633 0.01014 0.00856 0.01012 0.00636 0.00686 0.00709 0.00523 0.00755 0.00447 0.00791 0.00823 0.00428 0.00463 0.00705  
0.00000 0.00000 0.00000 0.00000 0.00000 0.00000 0.00000 0.00000 0.00000 0.00000 0.00000 0.00000 0.00000 0.00000 0.00000 0.00000 0.00000 0.00000 0.00000 0.00000 0.00016 0.00000 0.00000 0.00000 0.00022 0.00000 0.00051 0.00131 0.00086 0.00240 0.04039 0.33901 0.12294 0.03809 0.01996 0.01678 0.01593 0.01007 0.01171 0.01040 0.01185 0.00645 0.00588 0.00275 0.00224 0.00474 0.00741 0.00171 0.00278 0.00705  
0.00000 0.00000 0.00000 0.00000 0.00000 0.00000 0.00000 0.00000 0.00000 0.00000 0.00000 0.00000 0.00000 0.00000 0.00000 0.00000 0.00000 0.00000 0.00000 0.00000 0.00000 0.00000 0.00000 0.00000 0.00022 0.00048 0.00026 0.00000 0.00057 0.00090 0.00267 0.03266 0.34679 0.11548 0.03285 0.02449 0.01738 0.01460 0.00745 0.00983 0.00748 0.00774 0.00719 0.00412 0.00745 0.00791 0.00247 0.00514 0.00556 0.00705  
0.00000 0.00000 0.00000 0.00000 0.00000 0.00000 0.00000 0.00000 0.00000 0.00000 0.00000 0.00000 0.00000 0.00000 0.00000 0.00000 0.00000 0.00012 0.00000 0.00000 0.00000 0.00000 0.00000 0.00000 0.00022 0.00024 0.00026 0.00078 0.00057 0.00000 0.00167 0.00177 0.03027 0.32618 0.12723 0.03855 0.02897 0.01863 0.01065 0.01156 0.00748 0.00451 0.00719 0.00618 0.00820 0.00553 0.01152 0.00257 0.00649 0.00176  
0.00000 0.00000 0.00000 0.00000 0.00000 0.00000 0.00000 0.00000 0.00000 0.00000 0.00000 0.00000 0.00000 0.00000 0.00000 0.00010 0.00000 0.00000 0.00000 0.00000 0.00000 0.00000 0.00000 0.00000 0.00000 0.00000 0.00026 0.00026 0.00029 0.00060 0.00100 0.00177 0.00299 0.03160 0.31975 0.11701 0.04442 0.02014 0.01544 0.01908 0.01060 0.00967 0.00588 0.00687 0.00820 0.01028 0.00741 0.00685 0.00556 0.00529  
0.00000 0.00000 0.00000 0.00000 0.00000 0.00000 0.00000 0.00000 0.00000 0.00005 0.00000 0.00000 0.00007 0.00000 0.00000 0.00000 0.00000 0.00000 0.00000 0.00000 0.00000 0.00000 0.00000 0.00000 0.00022 0.00024 0.00000 0.00000 0.00029 0.00090 0.00000 0.00106 0.00187 0.00446 0.03659 0.30703 0.13085 0.03525 0.02236 0.01908 0.01683 0.00516 0.00850 0.00755 0.00373 0.00395 0.00576 0.00514 0.00834 0.00882  
0.00000 0.00000 0.00001 0.00000 0.00000 0.00000 0.00000 0.00000 0.00000 0.00000 0.00000 0.00000 0.00000 0.00008 0.00000 0.00000 0.00000 0.00000 0.00000 0.00000 0.00000 0.00000 0.00000 0.00000 0.00000 0.00000 0.00000 0.00026 0.00000 0.00030 0.00067 0.00000 0.00037 0.00122 0.00665 0.04218 0.29792 0.12034 0.03994 0.02601 0.01808 0.01547 0.01307 0.01236 0.00969 0.00711 0.00905 0.00685 0.00927 0.00353  
0.00000 0.00000 0.00000 0.00000 0.00000 0.00000 0.00000 0.00000 0.00000 0.00000 0.00000 0.00000 0.00000 0.00000 0.00000 0.00010 0.00011 0.00000 0.00000 0.00000 0.00000 0.00000 0.00000 0.00000 0.00000 0.00000 0.00000 0.00000 0.00000 0.00060 0.00000 0.00035 0.00037 0.00081 0.00125 0.00590 0.03959 0.30514 0.11129 0.04104 0.02431 0.01612 0.01111 0.01305 0.01118 0.00870 0.00741 0.00771 0.00278 0.00353  
0.00000 0.00000 0.00000 0.00000 0.00000 0.00000 0.00000 0.00000 0.00000 0.00000 0.00000 0.00000 0.00000 0.00000 0.00000 0.00000 0.00000 0.00000 0.00000 0.00000 0.00000 0.00000 0.00000 0.00000 0.00000 0.00000 0.00000 0.00000 0.00029 0.00000 0.00033 0.00071 0.00037 0.00122 0.00000 0.00181 0.00386 0.03273 0.30085 0.11040 0.04052 0.02837 0.01830 0.02129 0.01118 0.01502 0.01152 0.01027 0.00649 0.01058  
0.00000 0.00000 0.00000 0.00000 0.00000 0.00000 0.00000 0.00000 0.00000 0.00000 0.00000 0.00000 0.00000 0.00000 0.00000 0.00000 0.00000 0.00000 0.00000 0.00000 0.00000 0.00000 0.00000 0.00000 0.00000 0.00000 0.00000 0.00000 0.00029 0.00000 0.00000 0.00000 0.00000 0.00000 0.00000 0.00045 0.00193 0.00755 0.03674 0.26821 0.11347 0.04126 0.03137 0.01923 0.01863 0.01344 0.00823 0.00599 0.00927 0.00529  
0.00000 0.00000 0.00000 0.00000 0.00000 0.00000 0.00000 0.00000 0.00000 0.00000 0.00000 0.00000 0.00000 0.00000 0.00000 0.00000 0.00000 0.00012 0.00000 0.00000 0.00000 0.00000 0.00000 0.00000 0.00000 0.00000 0.00000 0.00026 0.00000 0.00000 0.00000 0.00000 0.00075 0.00000 0.00000 0.00136 0.00097 0.00101 0.00319 0.03410 0.26309 0.10316 0.04052 0.02747 0.01714 0.01186 0.01152 0.00856 0.00556 0.00705  
0.00000 0.00000 0.00000 0.00000 0.00000 0.00000 0.00000 0.00000 0.00000 0.00000 0.00000 0.00000 0.00000 0.00000 0.00000 0.00000 0.00000 0.00000 0.00000 0.00000 0.00000 0.00000 0.00000 0.00000 0.00000 0.00024 0.00000 0.00000 0.00000 0.00000 0.00000 0.00000 0.00000 0.00000 0.00042 0.00045 0.00048 0.00201 0.00160 0.00462 0.03741 0.23469 0.09804 0.04327 0.02534 0.01818 0.01646 0.00514 0.01205 0.00529  
0.00000 0.00000 0.00000 0.00000 0.00000 0.00000 0.00000 0.00000 0.00000 0.00000 0.00000 0.00000 0.00000 0.00000 0.00000 0.00000 0.00000 0.00012 0.00000 0.00000 0.00000 0.00000 0.00000 0.00000 0.00000 0.00000 0.00000 0.00000 0.00000 0.00000 0.00000 0.00000 0.00037 0.00000 0.00000 0.00000 0.00048 0.00050 0.00160 0.00173 0.00686 0.03933 0.25752 0.10302 0.04247 0.01976 0.01811 0.01113 0.00927 0.00705  
0.00000 0.00000 0.00000 0.00000 0.00000 0.00000 0.00000 0.00000 0.00000 0.00000 0.00000 0.00000 0.00000 0.00000 0.00000 0.00000 0.00000 0.00000 0.00000 0.00000 0.00016 0.00000 0.00000 0.00000 0.00000 0.00000 0.00000 0.00000 0.00000 0.00000 0.00000 0.00000 0.00000 0.00081 0.00000 0.00000 0.00048 0.00050 0.00053 0.00116 0.00249 0.00774 0.03660 0.23214 0.10954 0.04269 0.01811 0.01541 0.02039 0.01764  
0.00000 0.00000 0.00000 0.00000 0.00000 0.00000 0.00000 0.00000 0.00000 0.00000 0.00000 0.00000 0.00000 0.00000 0.00000 0.00000 0.00000 0.00000 0.00000 0.00000 0.00000 0.00000 0.00000 0.00000 0.00000 0.00000 0.00000 0.00026 0.00000 0.00000 0.00033 0.00000 0.00000 0.00041 0.00000 0.00000 0.00000 0.00050 0.00106 0.00000 0.00000 0.00000 0.00523 0.02885 0.23025 0.10988 0.05021 0.02825 0.01854 0.01058  
0.00000 0.00000 0.00000 0.00000 0.00000 0.00000 0.00000 0.00000 0.00000 0.00000 0.00000 0.00000 0.00000 0.00000 0.00000 0.00000 0.00000 0.00000 0.00000 0.00000 0.00000 0.00000 0.00000 0.00000 0.00000 0.00000 0.00000 0.00000 0.00000 0.00030 0.00000 0.00000 0.00000 0.00000 0.00000 0.00000 0.00000 0.00000 0.00053 0.00173 0.00000 0.00258 0.00327 0.00481 0.03502 0.21660 0.11029 0.03767 0.03614 0.01940  
0.00000 0.00000 0.00000 0.00000 0.00000 0.00003 0.00000 0.00000 0.00000 0.00000 0.00000 0.00000 0.00000 0.00000 0.00000 0.00000 0.00000 0.00000 0.00000 0.00000 0.00000 0.00000 0.00000 0.00000 0.00000 0.00000 0.00000 0.00000 0.00000 0.00000 0.00000 0.00000 0.00037 0.00000 0.00000 0.00045 0.00000 0.00000 0.00053 0.00000 0.00062 0.00129 0.00131 0.00275 0.00894 0.03399 0.18519 0.10531 0.04356 0.02469  
0.00000 0.00000 0.00000 0.00000 0.00000 0.00000 0.00000 0.00000 0.00000 0.00000 0.00000 0.00000 0.00000 0.00000 0.00000 0.00000 0.00000 0.00000 0.00000 0.00000 0.00000 0.00000 0.00000 0.00000 0.00000 0.00000 0.00000 0.00000 0.00000 0.00000 0.00000 0.00035 0.00000 0.00000 0.00042 0.00000 0.00000 0.00050 0.00000 0.00000 0.00062 0.00064 0.00196 0.00206 0.00149 0.00553 0.02469 0.19521 0.09917 0.05291  
0.00000 0.00000 0.00000 0.00000 0.00000 0.00000 0.00000 0.00000 0.00000 0.00000 0.00000 0.00000 0.00000 0.00000 0.00000 0.00000 0.00000 0.00000 0.00000 0.00000 0.00000 0.00000 0.00000 0.00000 0.00000 0.00000 0.00000 0.00000 0.00000 0.00000 0.00000 0.00000 0.00000 0.00000 0.00042 0.00000 0.00000 0.00000 0.00000 0.00058 0.00000 0.00000 0.00131 0.00137 0.00075 0.00158 0.00247 0.03253 0.17331 0.12522  
0.00001 0.00000 0.00000 0.00000 0.00000 0.00000 0.00000 0.00000 0.00000 0.00000 0.00000 0.00000 0.00000 0.00000 0.00000 0.00000 0.00000 0.00000 0.00000 0.00000 0.00000 0.00000 0.00000 0.00000 0.00000 0.00000 0.00000 0.00000 0.00000 0.00000 0.00000 0.00000 0.00000 0.00000 0.00042 0.00000 0.00000 0.00000 0.00000 0.00058 0.00000 0.00064 0.00000 0.00069 0.00149 0.00079 0.00412 0.01027 0.03151 0.13228  
