0.32257 0.06030 0.02151 0.01217 0.00897 0.00674 0.00494 0.00378 0.00294 0.00213  
0.00527 0.56143 0.08031 0.02758 0.01838 0.01348 0.01057 0.00906 0.00820 0.00848  
0.00004 0.00617 0.57284 0.08942 0.03083 0.02043 0.01573 0.01425 0.01160 0.01184  
0.00001 0.00009 0.00736 0.57161 0.09418 0.03350 0.02298 0.01693 0.01476 0.01411  
0.00000 0.00004 0.00011 0.00782 0.55211 0.09537 0.03396 0.02365 0.01932 0.01756  
0.00000 0.00000 0.00000 0.00010 0.00895 0.53046 0.09928 0.03510 0.02491 0.01954  
0.00000 0.00000 0.00002 0.00005 0.00031 0.01054 0.49814 0.10030 0.03805 0.02673  
0.00000 0.00000 0.00000 0.00002 0.00008 0.00042 0.01153 0.46146 0.10318 0.03994  
0.00000 0.00000 0.00002 0.00000 0.00002 0.00014 0.00067 0.01230 0.40797 0.11074  
0.00000 0.00000 0.00000 0.00000 0.00003 0.00005 0.00018 0.00099 0.01373 0.34044  
