0.05215 0.01442 0.00679 0.00337 0.00296 0.00291 0.00160 0.00199 0.00266 0.00155 0.00308 0.00205 0.00219 0.00198 0.00273 0.00227 0.00194 0.00188 0.00170 0.00126 0.00136 0.00071 0.00176 0.00134 0.00121 0.00038 0.00060 0.00033 0.00042 0.00019 0.00076 0.00039 0.00050 0.00044 0.00028 0.00010 0.00024 0.00007 0.00019 0.00000 0.00000 0.00000 0.00024 0.00000 0.00000 0.00000 0.00000 0.00007 0.00024 0.00021  
0.00716 0.15782 0.03824 0.01446 0.01013 0.00775 0.00944 0.00670 0.00469 0.00440 0.00413 0.00251 0.00359 0.00311 0.00297 0.00331 0.00253 0.00179 0.00206 0.00164 0.00210 0.00177 0.00126 0.00184 0.00162 0.00250 0.00135 0.00098 0.00108 0.00090 0.00070 0.00073 0.00073 0.00058 0.00037 0.00072 0.00060 0.00059 0.00019 0.00040 0.00055 0.00069 0.00048 0.00019 0.00057 0.00022 0.00017 0.00034 0.00024 0.00000  
0.00026 0.01065 0.28798 0.06259 0.02152 0.01368 0.01121 0.00833 0.00673 0.00464 0.00659 0.00350 0.00450 0.00423 0.00313 0.00331 0.00264 0.00317 0.00298 0.00230 0.00204 0.00151 0.00163 0.00217 0.00121 0.00134 0.00240 0.00108 0.00092 0.00129 0.00087 0.00107 0.00118 0.00142 0.00079 0.00051 0.00096 0.00044 0.00077 0.00080 0.00110 0.00092 0.00072 0.00039 0.00071 0.00076 0.00017 0.00014 0.00024 0.00021  
0.00011 0.00086 0.01716 0.38792 0.07524 0.02458 0.01569 0.01377 0.00751 0.00892 0.00563 0.00607 0.00428 0.00387 0.00377 0.00397 0.00307 0.00308 0.00280 0.00252 0.00305 0.00195 0.00239 0.00251 0.00162 0.00173 0.00150 0.00173 0.00183 0.00129 0.00146 0.00181 0.00132 0.00164 0.00107 0.00118 0.00078 0.00096 0.00097 0.00106 0.00201 0.00069 0.00145 0.00077 0.00057 0.00076 0.00074 0.00055 0.00037 0.00032  
0.00004 0.00026 0.00092 0.01887 0.42185 0.07713 0.02801 0.02211 0.01267 0.01034 0.00773 0.00726 0.00589 0.00594 0.00421 0.00378 0.00400 0.00375 0.00284 0.00246 0.00271 0.00337 0.00264 0.00217 0.00324 0.00134 0.00255 0.00206 0.00142 0.00142 0.00135 0.00161 0.00205 0.00142 0.00135 0.00108 0.00132 0.00140 0.00174 0.00106 0.00164 0.00137 0.00097 0.00097 0.00043 0.00086 0.00074 0.00103 0.00049 0.00107  
0.00000 0.00009 0.00020 0.00091 0.02000 0.44073 0.07972 0.02772 0.01815 0.01129 0.00756 0.00792 0.00616 0.00698 0.00566 0.00547 0.00502 0.00429 0.00381 0.00345 0.00332 0.00248 0.00302 0.00201 0.00223 0.00250 0.00300 0.00195 0.00200 0.00226 0.00228 0.00181 0.00155 0.00169 0.00145 0.00184 0.00169 0.00191 0.00174 0.00173 0.00128 0.00114 0.00097 0.00097 0.00057 0.00140 0.00083 0.00068 0.00122 0.00107  
0.00000 0.00004 0.00020 0.00052 0.00090 0.02107 0.44773 0.08407 0.02676 0.01831 0.01398 0.01023 0.00830 0.00738 0.00690 0.00539 0.00467 0.00463 0.00358 0.00383 0.00380 0.00275 0.00239 0.00217 0.00304 0.00230 0.00300 0.00228 0.00233 0.00233 0.00211 0.00161 0.00173 0.00222 0.00228 0.00113 0.00199 0.00132 0.00135 0.00133 0.00128 0.00137 0.00121 0.00077 0.00128 0.00195 0.00124 0.00144 0.00122 0.00203  
0.00000 0.00009 0.00005 0.00019 0.00027 0.00036 0.02289 0.43830 0.08011 0.03056 0.02110 0.01471 0.01044 0.00882 0.00710 0.00543 0.00537 0.00517 0.00426 0.00465 0.00414 0.00399 0.00415 0.00184 0.00324 0.00326 0.00270 0.00358 0.00250 0.00213 0.00233 0.00215 0.00214 0.00195 0.00233 0.00236 0.00151 0.00169 0.00203 0.00213 0.00183 0.00137 0.00072 0.00136 0.00071 0.00184 0.00190 0.00096 0.00146 0.00171  
0.00000 0.00000 0.00000 0.00013 0.00009 0.00024 0.00128 0.02337 0.45063 0.08655 0.03226 0.01953 0.01354 0.01107 0.00883 0.00728 0.00673 0.00600 0.00537 0.00366 0.00529 0.00496 0.00415 0.00301 0.00283 0.00326 0.00240 0.00379 0.00342 0.00278 0.00222 0.00244 0.00250 0.00226 0.00214 0.00266 0.00187 0.00250 0.00213 0.00186 0.00183 0.00206 0.00145 0.00097 0.00157 0.00162 0.00149 0.00212 0.00237 0.00128  
0.00000 0.00000 0.00000 0.00006 0.00009 0.00000 0.00048 0.00054 0.02660 0.44846 0.08719 0.03193 0.01815 0.01405 0.01172 0.01017 0.00789 0.00863 0.00615 0.00585 0.00549 0.00275 0.00477 0.00217 0.00223 0.00288 0.00285 0.00260 0.00200 0.00265 0.00320 0.00273 0.00318 0.00293 0.00256 0.00261 0.00253 0.00235 0.00271 0.00253 0.00110 0.00160 0.00242 0.00232 0.00114 0.00216 0.00239 0.00178 0.00170 0.00171  
0.00000 0.00000 0.00000 0.00000 0.00009 0.00000 0.00032 0.00072 0.00203 0.02770 0.45601 0.08498 0.03222 0.02192 0.01561 0.01106 0.00949 0.00758 0.00660 0.00656 0.00502 0.00603 0.00440 0.00368 0.00425 0.00365 0.00435 0.00336 0.00275 0.00336 0.00363 0.00327 0.00264 0.00284 0.00238 0.00297 0.00307 0.00213 0.00203 0.00279 0.00219 0.00229 0.00314 0.00174 0.00271 0.00140 0.00190 0.00198 0.00249 0.00245  
0.00000 0.00000 0.00000 0.00000 0.00009 0.00000 0.00000 0.00018 0.00110 0.00131 0.03015 0.45249 0.08741 0.03340 0.02102 0.01511 0.01155 0.00938 0.00876 0.00782 0.00604 0.00718 0.00465 0.00468 0.00486 0.00365 0.00375 0.00293 0.00392 0.00362 0.00265 0.00322 0.00355 0.00288 0.00298 0.00271 0.00229 0.00235 0.00300 0.00266 0.00219 0.00206 0.00290 0.00329 0.00385 0.00238 0.00330 0.00171 0.00195 0.00235  
0.00000 0.00004 0.00000 0.00000 0.00000 0.00000 0.00000 0.00018 0.00016 0.00095 0.00167 0.02949 0.44776 0.09309 0.03330 0.02135 0.01536 0.01308 0.01000 0.00842 0.00712 0.00682 0.00691 0.00619 0.00445 0.00710 0.00345 0.00412 0.00492 0.00375 0.00363 0.00322 0.00341 0.00257 0.00284 0.00312 0.00223 0.00272 0.00242 0.00279 0.00128 0.00206 0.00097 0.00155 0.00214 0.00216 0.00223 0.00191 0.00213 0.00171  
0.00000 0.00000 0.00000 0.00000 0.00009 0.00012 0.00000 0.00018 0.00000 0.00024 0.00062 0.00191 0.03078 0.44855 0.09738 0.03376 0.02107 0.01609 0.01353 0.01083 0.00800 0.00851 0.00704 0.00535 0.00749 0.00653 0.00525 0.00477 0.00433 0.00375 0.00347 0.00337 0.00332 0.00346 0.00270 0.00266 0.00355 0.00206 0.00184 0.00160 0.00146 0.00206 0.00242 0.00271 0.00299 0.00303 0.00215 0.00191 0.00249 0.00139  
0.00000 0.00000 0.00000 0.00000 0.00000 0.00000 0.00000 0.00000 0.00016 0.00012 0.00000 0.00086 0.00171 0.02782 0.44283 0.09776 0.03309 0.02150 0.01578 0.01356 0.00970 0.00984 0.00666 0.00736 0.00607 0.00576 0.00375 0.00455 0.00425 0.00472 0.00390 0.00391 0.00323 0.00231 0.00378 0.00266 0.00301 0.00228 0.00358 0.00306 0.00311 0.00297 0.00217 0.00252 0.00228 0.00270 0.00297 0.00219 0.00274 0.00245  
0.00000 0.00000 0.00000 0.00000 0.00000 0.00000 0.00000 0.00000 0.00000 0.00000 0.00026 0.00033 0.00059 0.00180 0.02953 0.43969 0.10319 0.03600 0.02132 0.01619 0.01153 0.01108 0.00854 0.00719 0.00830 0.00537 0.00525 0.00466 0.00508 0.00381 0.00352 0.00356 0.00323 0.00390 0.00392 0.00333 0.00301 0.00346 0.00319 0.00319 0.00292 0.00572 0.00338 0.00290 0.00271 0.00303 0.00206 0.00287 0.00268 0.00224  
0.00000 0.00000 0.00000 0.00000 0.00000 0.00000 0.00000 0.00000 0.00000 0.00000 0.00009 0.00026 0.00021 0.00077 0.00201 0.02909 0.43023 0.10330 0.03398 0.02193 0.01594 0.01453 0.01068 0.01104 0.00688 0.00691 0.00690 0.00628 0.00458 0.00368 0.00428 0.00498 0.00355 0.00350 0.00406 0.00364 0.00337 0.00397 0.00338 0.00452 0.00365 0.00343 0.00169 0.00348 0.00285 0.00270 0.00338 0.00267 0.00243 0.00330  
0.00000 0.00000 0.00000 0.00000 0.00000 0.00000 0.00000 0.00000 0.00000 0.00012 0.00009 0.00000 0.00037 0.00032 0.00060 0.00127 0.03041 0.42518 0.10392 0.03413 0.01994 0.01568 0.01495 0.01154 0.00971 0.00940 0.00630 0.00618 0.00508 0.00530 0.00428 0.00454 0.00432 0.00461 0.00336 0.00338 0.00440 0.00353 0.00300 0.00373 0.00201 0.00320 0.00362 0.00271 0.00256 0.00270 0.00289 0.00280 0.00274 0.00309  
0.00000 0.00000 0.00000 0.00000 0.00000 0.00000 0.00000 0.00000 0.00000 0.00000 0.00000 0.00000 0.00016 0.00018 0.00012 0.00069 0.00194 0.02946 0.42580 0.10741 0.03500 0.02268 0.01395 0.01405 0.01174 0.01190 0.00735 0.00704 0.00517 0.00594 0.00574 0.00571 0.00591 0.00413 0.00476 0.00405 0.00397 0.00294 0.00367 0.00319 0.00384 0.00297 0.00242 0.00387 0.00185 0.00281 0.00239 0.00280 0.00335 0.00299  
0.00000 0.00000 0.00000 0.00000 0.00000 0.00000 0.00000 0.00000 0.00000 0.00000 0.00000 0.00007 0.00005 0.00018 0.00012 0.00039 0.00062 0.00204 0.03008 0.42559 0.11410 0.03748 0.02224 0.01656 0.01133 0.01171 0.00735 0.00834 0.00633 0.00633 0.00607 0.00571 0.00564 0.00404 0.00387 0.00430 0.00397 0.00375 0.00425 0.00359 0.00347 0.00252 0.00290 0.00348 0.00285 0.00389 0.00272 0.00280 0.00304 0.00405  
0.00000 0.00000 0.00000 0.00000 0.00000 0.00000 0.00000 0.00000 0.00000 0.00000 0.00000 0.00000 0.00011 0.00000 0.00000 0.00012 0.00019 0.00058 0.00197 0.02658 0.41446 0.11722 0.03392 0.02108 0.01821 0.01478 0.01049 0.00943 0.00817 0.00562 0.00704 0.00635 0.00473 0.00479 0.00448 0.00481 0.00482 0.00522 0.00348 0.00373 0.00292 0.00503 0.00314 0.00426 0.00370 0.00270 0.00330 0.00328 0.00310 0.00394  
0.00000 0.00000 0.00000 0.00000 0.00000 0.00000 0.00000 0.00000 0.00000 0.00000 0.00000 0.00000 0.00005 0.00005 0.00008 0.00012 0.00023 0.00038 0.00069 0.00191 0.02544 0.40909 0.11069 0.03479 0.02347 0.01401 0.01109 0.01062 0.00992 0.00956 0.00672 0.00649 0.00582 0.00572 0.00601 0.00558 0.00560 0.00434 0.00367 0.00373 0.00402 0.00389 0.00217 0.00329 0.00370 0.00259 0.00272 0.00280 0.00408 0.00330  
0.00000 0.00000 0.00000 0.00000 0.00000 0.00000 0.00000 0.00000 0.00000 0.00000 0.00000 0.00000 0.00000 0.00005 0.00000 0.00000 0.00008 0.00021 0.00046 0.00066 0.00183 0.02667 0.40759 0.11793 0.03602 0.02188 0.01769 0.01127 0.00992 0.00949 0.00856 0.00703 0.00741 0.00546 0.00587 0.00543 0.00596 0.00375 0.00454 0.00413 0.00475 0.00389 0.00580 0.00329 0.00399 0.00303 0.00347 0.00301 0.00353 0.00373  
0.00000 0.00000 0.00000 0.00000 0.00000 0.00000 0.00000 0.00000 0.00000 0.00000 0.00000 0.00007 0.00000 0.00000 0.00000 0.00000 0.00004 0.00004 0.00014 0.00033 0.00075 0.00230 0.03066 0.40331 0.11514 0.03724 0.02308 0.01614 0.01267 0.00885 0.00905 0.00864 0.00691 0.00710 0.00583 0.00645 0.00488 0.00478 0.00532 0.00452 0.00329 0.00343 0.00386 0.00561 0.00399 0.00303 0.00405 0.00349 0.00335 0.00426  
0.00004 0.00000 0.00000 0.00000 0.00000 0.00000 0.00000 0.00000 0.00000 0.00000 0.00009 0.00000 0.00000 0.00000 0.00004 0.00000 0.00000 0.00004 0.00018 0.00044 0.00020 0.00080 0.00402 0.03245 0.38244 0.10633 0.03103 0.02210 0.01733 0.01415 0.01262 0.00869 0.00937 0.00821 0.00634 0.00522 0.00596 0.00493 0.00358 0.00466 0.00475 0.00343 0.00507 0.00387 0.00271 0.00411 0.00355 0.00335 0.00377 0.00512  
0.00000 0.00000 0.00000 0.00000 0.00000 0.00000 0.00000 0.00000 0.00000 0.00000 0.00000 0.00000 0.00000 0.00000 0.00000 0.00000 0.00000 0.00000 0.00009 0.00005 0.00020 0.00027 0.00088 0.00184 0.03561 0.38733 0.10568 0.03824 0.02317 0.01705 0.01436 0.01128 0.00996 0.00838 0.00816 0.00681 0.00644 0.00581 0.00445 0.00479 0.00475 0.00481 0.00411 0.00542 0.00399 0.00346 0.00429 0.00349 0.00359 0.00448  
0.00000 0.00000 0.00000 0.00000 0.00000 0.00000 0.00000 0.00000 0.00016 0.00000 0.00000 0.00000 0.00000 0.00000 0.00000 0.00000 0.00000 0.00004 0.00009 0.00016 0.00000 0.00018 0.00038 0.00100 0.00202 0.03551 0.38405 0.10823 0.03783 0.02526 0.01631 0.01323 0.01210 0.00927 0.00942 0.00804 0.00632 0.00758 0.00493 0.00506 0.00584 0.00572 0.00556 0.00387 0.00499 0.00346 0.00289 0.00287 0.00420 0.00299  
0.00000 0.00000 0.00000 0.00000 0.00000 0.00000 0.00000 0.00000 0.00000 0.00000 0.00000 0.00000 0.00000 0.00000 0.00000 0.00000 0.00004 0.00000 0.00000 0.00005 0.00007 0.00009 0.00000 0.00033 0.00121 0.00288 0.04032 0.38234 0.10725 0.03546 0.02216 0.01728 0.01264 0.01082 0.00900 0.00922 0.00849 0.00589 0.00725 0.00585 0.00658 0.00503 0.00604 0.00542 0.00328 0.00519 0.00355 0.00369 0.00450 0.00405  
0.00000 0.00000 0.00000 0.00000 0.00000 0.00000 0.00000 0.00000 0.00000 0.00000 0.00000 0.00000 0.00005 0.00000 0.00000 0.00000 0.00000 0.00008 0.00014 0.00016 0.00000 0.00009 0.00025 0.00033 0.00040 0.00096 0.00360 0.03792 0.37450 0.10929 0.03717 0.02207 0.01751 0.01247 0.01221 0.01106 0.00873 0.00824 0.00754 0.00652 0.00475 0.00732 0.00435 0.00542 0.00456 0.00281 0.00454 0.00355 0.00383 0.00394  
0.00000 0.00000 0.00000 0.00000 0.00000 0.00000 0.00000 0.00000 0.00000 0.00000 0.00000 0.00000 0.00000 0.00000 0.00000 0.00004 0.00000 0.00000 0.00000 0.00000 0.00000 0.00009 0.00013 0.00000 0.00040 0.00058 0.00060 0.00401 0.03858 0.36203 0.10831 0.03618 0.02342 0.01877 0.01291 0.01070 0.00927 0.00846 0.00609 0.00665 0.00530 0.00641 0.00531 0.00561 0.00513 0.00497 0.00454 0.00451 0.00475 0.00362  
0.00000 0.00000 0.00000 0.00000 0.00000 0.00000 0.00000 0.00000 0.00000 0.00000 0.00000 0.00000 0.00000 0.00000 0.00000 0.00000 0.00000 0.00004 0.00000 0.00011 0.00000 0.00009 0.00000 0.00017 0.00040 0.00038 0.00045 0.00065 0.00383 0.03791 0.35965 0.11126 0.03651 0.02338 0.01669 0.01347 0.01192 0.00920 0.00966 0.00772 0.00639 0.00595 0.00483 0.00600 0.00612 0.00454 0.00512 0.00478 0.00420 0.00341  
0.00000 0.00000 0.00000 0.00000 0.00000 0.00000 0.00000 0.00000 0.00000 0.00000 0.00000 0.00000 0.00000 0.00000 0.00000 0.00000 0.00004 0.00000 0.00005 0.00000 0.00000 0.00000 0.00013 0.00000 0.00000 0.00019 0.00030 0.00054 0.00125 0.00452 0.03706 0.34868 0.10995 0.03895 0.02513 0.01777 0.01463 0.01148 0.01005 0.00825 0.00511 0.00801 0.00749 0.00658 0.00541 0.00411 0.00495 0.00547 0.00432 0.00480  
0.00000 0.00000 0.00000 0.00000 0.00000 0.00000 0.00000 0.00000 0.00000 0.00000 0.00000 0.00000 0.00000 0.00000 0.00000 0.00000 0.00000 0.00000 0.00000 0.00000 0.00000 0.00018 0.00000 0.00000 0.00000 0.00019 0.00045 0.00098 0.00075 0.00078 0.00358 0.03466 0.33864 0.11597 0.03823 0.02341 0.01674 0.01435 0.01208 0.01158 0.00822 0.00778 0.00773 0.00658 0.00698 0.00702 0.00454 0.00506 0.00444 0.00458  
0.00000 0.00000 0.00000 0.00000 0.00000 0.00000 0.00000 0.00000 0.00000 0.00000 0.00000 0.00000 0.00000 0.00000 0.00000 0.00000 0.00000 0.00000 0.00000 0.00000 0.00007 0.00000 0.00025 0.00017 0.00000 0.00000 0.00030 0.00022 0.00025 0.00090 0.00184 0.00391 0.03642 0.33202 0.11795 0.03688 0.02493 0.01994 0.01401 0.00918 0.01005 0.00938 0.00845 0.00949 0.00570 0.00519 0.00462 0.00547 0.00475 0.00394  
0.00000 0.00000 0.00000 0.00000 0.00000 0.00000 0.00000 0.00000 0.00000 0.00000 0.00000 0.00000 0.00000 0.00000 0.00000 0.00000 0.00000 0.00000 0.00005 0.00000 0.00000 0.00018 0.00000 0.00000 0.00000 0.00000 0.00000 0.00022 0.00017 0.00052 0.00060 0.00156 0.00391 0.03558 0.32699 0.11411 0.03746 0.02583 0.01884 0.01171 0.01224 0.01167 0.00990 0.00639 0.00741 0.00692 0.00751 0.00574 0.00578 0.00490  
0.00000 0.00000 0.00000 0.00000 0.00000 0.00000 0.00000 0.00000 0.00000 0.00000 0.00000 0.00000 0.00005 0.00000 0.00000 0.00004 0.00000 0.00000 0.00005 0.00000 0.00000 0.00000 0.00000 0.00000 0.00000 0.00000 0.00000 0.00022 0.00017 0.00026 0.00033 0.00063 0.00141 0.00382 0.03473 0.31800 0.11863 0.03686 0.02406 0.01943 0.01023 0.01053 0.01256 0.01084 0.00926 0.00605 0.00644 0.00554 0.00590 0.00618  
0.00000 0.00000 0.00000 0.00000 0.00000 0.00000 0.00000 0.00000 0.00000 0.00000 0.00000 0.00000 0.00000 0.00000 0.00000 0.00000 0.00000 0.00000 0.00000 0.00000 0.00000 0.00009 0.00000 0.00000 0.00000 0.00000 0.00015 0.00000 0.00008 0.00026 0.00027 0.00059 0.00068 0.00186 0.00480 0.03544 0.30302 0.11544 0.04078 0.02236 0.01626 0.01442 0.00942 0.01084 0.00769 0.00832 0.00892 0.00656 0.00760 0.00512  
0.00000 0.00000 0.00000 0.00000 0.00000 0.00000 0.00000 0.00000 0.00000 0.00000 0.00000 0.00000 0.00000 0.00000 0.00000 0.00000 0.00004 0.00000 0.00005 0.00000 0.00000 0.00000 0.00013 0.00000 0.00000 0.00000 0.00000 0.00000 0.00017 0.00013 0.00016 0.00044 0.00050 0.00058 0.00135 0.00507 0.03439 0.29770 0.12341 0.03886 0.02795 0.01602 0.01667 0.01394 0.00826 0.00864 0.00743 0.00854 0.00773 0.00650  
0.00000 0.00000 0.00000 0.00000 0.00000 0.00000 0.00000 0.00000 0.00000 0.00000 0.00000 0.00000 0.00000 0.00000 0.00000 0.00000 0.00000 0.00000 0.00000 0.00000 0.00000 0.00000 0.00000 0.00000 0.00000 0.00000 0.00000 0.00000 0.00000 0.00013 0.00022 0.00034 0.00027 0.00075 0.00131 0.00164 0.00470 0.03664 0.27947 0.11976 0.03854 0.02586 0.01667 0.01239 0.00997 0.01102 0.00991 0.00875 0.00712 0.00757  
0.00000 0.00000 0.00000 0.00000 0.00000 0.00000 0.00000 0.00000 0.00000 0.00000 0.00000 0.00000 0.00000 0.00000 0.00000 0.00000 0.00000 0.00004 0.00000 0.00000 0.00000 0.00000 0.00013 0.00000 0.00000 0.00000 0.00000 0.00000 0.00000 0.00000 0.00011 0.00024 0.00018 0.00018 0.00061 0.00082 0.00181 0.00471 0.03363 0.28357 0.11178 0.04348 0.02029 0.01762 0.01467 0.01102 0.00982 0.00861 0.00876 0.00746  
0.00000 0.00000 0.00000 0.00000 0.00000 0.00000 0.00000 0.00000 0.00000 0.00000 0.00000 0.00000 0.00000 0.00000 0.00000 0.00000 0.00000 0.00000 0.00000 0.00000 0.00000 0.00000 0.00000 0.00000 0.00000 0.00000 0.00015 0.00011 0.00008 0.00006 0.00022 0.00005 0.00009 0.00031 0.00056 0.00067 0.00096 0.00169 0.00474 0.03353 0.27215 0.11831 0.03792 0.02400 0.01666 0.01372 0.01032 0.00998 0.00846 0.00714  
0.00000 0.00000 0.00000 0.00000 0.00000 0.00000 0.00000 0.00000 0.00000 0.00000 0.00000 0.00000 0.00000 0.00000 0.00000 0.00000 0.00000 0.00000 0.00000 0.00000 0.00000 0.00000 0.00013 0.00000 0.00000 0.00000 0.00015 0.00000 0.00000 0.00000 0.00005 0.00010 0.00005 0.00009 0.00023 0.00046 0.00030 0.00118 0.00193 0.00439 0.03105 0.25378 0.10604 0.03659 0.02436 0.01837 0.01395 0.01114 0.00913 0.01215  
0.00000 0.00000 0.00000 0.00000 0.00000 0.00000 0.00000 0.00000 0.00000 0.00000 0.00000 0.00000 0.00000 0.00000 0.00000 0.00000 0.00000 0.00000 0.00000 0.00000 0.00000 0.00000 0.00000 0.00000 0.00000 0.00000 0.00000 0.00000 0.00000 0.00019 0.00005 0.00005 0.00014 0.00013 0.00009 0.00010 0.00060 0.00088 0.00097 0.00213 0.00603 0.03410 0.25870 0.10395 0.03575 0.02529 0.01924 0.01729 0.01241 0.01077  
0.00000 0.00000 0.00000 0.00000 0.00000 0.00000 0.00000 0.00000 0.00000 0.00000 0.00000 0.00000 0.00000 0.00005 0.00004 0.00000 0.00000 0.00000 0.00000 0.00000 0.00000 0.00000 0.00000 0.00000 0.00000 0.00000 0.00000 0.00000 0.00000 0.00000 0.00011 0.00010 0.00027 0.00013 0.00000 0.00031 0.00024 0.00044 0.00077 0.00173 0.00347 0.00481 0.03551 0.23248 0.10283 0.03696 0.02576 0.01688 0.01515 0.01098  
0.00000 0.00000 0.00000 0.00000 0.00000 0.00000 0.00000 0.00000 0.00000 0.00000 0.00000 0.00000 0.00000 0.00000 0.00000 0.00000 0.00000 0.00000 0.00000 0.00005 0.00000 0.00000 0.00000 0.00000 0.00000 0.00000 0.00000 0.00000 0.00000 0.00000 0.00000 0.00010 0.00014 0.00000 0.00009 0.00020 0.00012 0.00022 0.00048 0.00160 0.00164 0.00275 0.00531 0.03891 0.23914 0.09952 0.04062 0.02884 0.01831 0.01610  
0.00000 0.00000 0.00000 0.00000 0.00000 0.00000 0.00000 0.00000 0.00000 0.00000 0.00000 0.00000 0.00000 0.00000 0.00000 0.00004 0.00000 0.00000 0.00000 0.00000 0.00000 0.00000 0.00000 0.00000 0.00000 0.00000 0.00000 0.00000 0.00000 0.00006 0.00000 0.00000 0.00009 0.00013 0.00014 0.00005 0.00012 0.00000 0.00058 0.00027 0.00128 0.00206 0.00362 0.00561 0.03789 0.22380 0.10650 0.03909 0.02567 0.02111  
0.00000 0.00000 0.00000 0.00000 0.00000 0.00000 0.00000 0.00000 0.00000 0.00000 0.00000 0.00000 0.00000 0.00000 0.00000 0.00000 0.00000 0.00004 0.00000 0.00000 0.00007 0.00000 0.00000 0.00000 0.00000 0.00000 0.00000 0.00000 0.00000 0.00000 0.00005 0.00015 0.00005 0.00000 0.00014 0.00010 0.00018 0.00022 0.00029 0.00040 0.00073 0.00023 0.00072 0.00290 0.00584 0.03728 0.20358 0.09949 0.03912 0.02612  
0.00000 0.00000 0.00000 0.00000 0.00000 0.00000 0.00000 0.00000 0.00000 0.00000 0.00000 0.00000 0.00000 0.00000 0.00000 0.00000 0.00000 0.00000 0.00000 0.00000 0.00000 0.00000 0.00000 0.00000 0.00000 0.00000 0.00000 0.00011 0.00000 0.00000 0.00000 0.00000 0.00000 0.00000 0.00005 0.00005 0.00024 0.00007 0.00010 0.00013 0.00073 0.00000 0.00121 0.00174 0.00342 0.00875 0.03434 0.19496 0.10001 0.04339  
0.00000 0.00000 0.00000 0.00000 0.00000 0.00000 0.00000 0.00000 0.00000 0.00000 0.00000 0.00000 0.00000 0.00005 0.00000 0.00000 0.00000 0.00000 0.00000 0.00000 0.00000 0.00000 0.00000 0.00000 0.00000 0.00000 0.00000 0.00000 0.00000 0.00000 0.00005 0.00000 0.00000 0.00000 0.00000 0.00010 0.00012 0.00029 0.00019 0.00027 0.00055 0.00000 0.00145 0.00058 0.00114 0.00357 0.00627 0.03321 0.17885 0.13028  
0.00000 0.00000 0.00000 0.00000 0.00000 0.00000 0.00000 0.00000 0.00000 0.00000 0.00000 0.00000 0.00000 0.00000 0.00000 0.00004 0.00000 0.00000 0.00005 0.00000 0.00000 0.00000 0.00000 0.00017 0.00000 0.00000 0.00000 0.00000 0.00000 0.00000 0.00000 0.00000 0.00005 0.00004 0.00000 0.00005 0.00006 0.00007 0.00010 0.00013 0.00018 0.00069 0.00121 0.00136 0.00157 0.00259 0.00380 0.00738 0.03096 0.13945  
